360776.874123 3849467.913831 -1192.960843
360719.594000 3849301.250000 0.000000
361662.317684 3848966.344989 0.000000
362033.081762 3848953.198413 -823.029616
363032.620921 3848571.587019 -975.073638
362592.773325 3848598.644414 0.000000
364003.789503 3848163.359381 -1021.330252
363514.849882 3848210.368350 0.000000
366275.056181 3847031.474944 0.000000
365915.432781 3847342.470531 -1025.221788
365351.428013 3847416.029989 0.000000
368153.802575 3846344.169449 0.000000
367725.102710 3846635.407757 -956.168795
367207.997697 3846670.174706 0.000000
364653.168593 3849737.024342 -12547.325525
361434.106483 3851379.346792 -14880.998507
361257.239903 3850865.002833 -11197.436274
361645.812000 3851995.250000 -19290.810500
364610.303381 3850267.321944 -15729.161102
366262.103928 3850124.967103 -19290.810500
361951.895028 3849129.725326 -1739.859495
360834.154241 3849634.577648 -2385.921688
362195.158397 3849259.176136 -3151.799650
360913.046503 3849864.030429 -4028.993902
362638.371261 3849353.425784 -4855.427250
361003.221191 3850126.261628 -5907.042611
364949.708078 3847747.641922 -989.961485
364432.857048 3847812.546450 0.000000
363158.129432 3849467.922194 -6905.020826
361113.930213 3850448.150472 -8212.755697
366809.640903 3846969.054583 -940.836491
363761.961813 3849613.264252 -9395.761324
368671.564060 3846334.055999 -956.386935
369631.775328 3846087.412281 -956.604568
369114.768646 3846066.211525 0.000000
370605.769328 3845906.849497 -956.507449
370091.334242 3845849.636456 0.000000
368423.934266 3848659.636459 -15458.003849
370986.455916 3848587.547107 -19290.810500
372582.527375 3845725.793016 -973.801098
371591.042565 3845791.224879 -970.983469
372076.694013 3845609.443111 0.000000
373420.551054 3847815.567070 -15276.684199
374574.408045 3845705.733248 -967.255827
373577.498739 3845700.369894 -967.429956
374076.569918 3845557.147277 0.000000
375572.464581 3845731.087396 -968.026365
375076.912081 3845573.799152 0.000000
374075.211296 3845881.680620 -2198.750070
377572.422633 3845798.982027 -955.123938
376571.682020 3845766.126895 -967.832268
377076.761694 3845641.329545 0.000000
378413.618767 3847923.609335 -15197.570598
375959.747733 3848451.470885 -19290.810500
379578.969887 3845826.069926 -954.770782
378574.823483 3845823.047392 -954.939755
379077.152018 3845686.902219 0.000000
380584.147405 3845797.733398 -954.576930
380077.538871 3845675.706886 0.000000
379076.901447 3846012.915069 -2207.726654
382589.473387 3845605.830608 -954.208863
381588.628962 3845727.565194 -954.390361
382072.735697 3845533.905457 0.000000
383343.140666 3847610.832007 -15183.012172
380940.134048 3848490.923135 -19290.810500
385019.252336 3844970.174116 0.000000
384558.397224 3845207.421477 -955.978852
384040.789461 3845178.583266 0.000000
385531.232511 3845032.917458 -957.282344
386514.518036 3844964.517953 -975.082941
386011.012575 3844843.793067 0.000000
387507.664766 3844966.533075 -955.582021
387010.777997 3844816.734182 0.000000
388302.383968 3847099.042984 -15237.695601
385855.496228 3847720.145653 -19290.810500
389514.309721 3844995.768119 -954.325096
388508.299208 3844994.561262 -954.582925
389011.231688 3844859.543393 0.000000
390519.611871 3844954.213024 -954.393508
390011.420110 3844839.307673 0.000000
389010.551517 3845176.739403 -2147.595158
392520.432419 3844759.789145 -954.441180
391521.984590 3844874.055330 -954.428086
392005.655872 3844680.882403 0.000000
393217.126131 3846783.695837 -15174.374844
390833.665112 3847648.413606 -19290.810500
394969.750997 3844213.635992 0.000000
394503.756655 3844445.318157 -954.516515
393985.757155 3844394.472323 0.000000
395488.395764 3844254.299242 -954.609370
394038.885526 3844710.815607 -2172.315220
393514.440540 3844615.544673 -954.463755
397447.774663 3843842.068247 -954.836956
396469.145020 3844050.328453 -954.717216
396929.238315 3843808.313478 0.000000
398061.528558 3845861.202213 -15193.165502
395764.875756 3846960.526230 -19290.810500
399407.747015 3843436.735166 -973.919129
398426.438679 3843637.798429 -954.745825
398887.906294 3843398.938279 0.000000
400386.725365 3843210.520602 -953.859040
399866.046796 3843188.693871 0.000000
398917.105064 3843730.080334 -2236.262680
402838.102945 3844670.455655 -15204.325872
400640.485589 3845934.331084 -19290.810500
403653.990763 3841920.835827 0.000000
403248.048343 3842246.395902 -954.006728
402731.104629 3842307.119935 0.000000
404169.100332 3841853.554534 -954.476772
402849.303769 3842607.130973 -2184.416802
402314.434539 3842620.612403 -953.492533
406016.890839 3841094.609229 -954.268510
405090.296604 3841467.939724 -954.483417
405500.240283 3841149.388762 0.000000
407430.698484 3842798.969257 -15207.038927
405337.277602 3844298.855728 -19290.810500
407878.729433 3840362.849839 -953.911148
406947.077808 3840728.066779 -954.089711
407361.374693 3840414.444449 0.000000
408809.576376 3839993.362777 -953.745763
408292.379054 3840048.069990 0.000000
407478.045938 3840711.687649 -2162.147487
410661.708719 3839234.911662 -954.017590
409737.151560 3839615.084785 -953.781483
410145.807610 3839293.946821 0.000000
412061.463383 3840944.291238 -15218.201840
409963.132398 3842448.097879 -19290.810500
412960.888364 3838257.100378 0.000000
412526.668461 3838539.099353 -954.615781
412009.532044 3838566.232381 0.000000
413477.909818 3838261.920550 -954.981748
413930.602864 3838012.195630 0.000000
414444.556807 3838060.358179 -955.389867
414918.052974 3837854.675333 0.000000
416424.649889 3837915.229135 -952.225629
415424.959584 3837955.670736 -955.043640
415916.355963 3837794.648041 0.000000
416981.071519 3839980.247085 -15190.543036
414646.683635 3840771.809027 -19290.810500
418866.215144 3837302.313648 0.000000
418418.332876 3837568.185821 -953.142481
417897.690587 3837552.892929 0.000000
419415.300231 3837296.696463 -980.488284
417976.163274 3837867.942312 -2199.176155
417434.179973 3837796.073820 -951.691102
421790.198022 3838770.216704 -15269.482915
419562.581894 3840065.012419 -19290.810500
422685.442072 3836107.941795 0.000000
422253.335413 3836396.464900 -953.646141
421734.097922 3836417.690631 0.000000
423204.282696 3836089.308314 -953.858546
425576.107716 3835307.430404 0.000000
425118.441208 3835548.885662 -954.633637
424601.229848 3835531.294756 0.000000
424157.636238 3835799.341333 -954.235525
423639.315808 3835806.120207 0.000000
426581.412580 3837419.553836 -15236.330830
424317.509181 3838577.895453 -19290.810500
428541.816970 3834866.367676 0.000000
428079.776011 3835113.489690 -950.989248
427559.501071 3835049.420260 0.000000
427612.419969 3835371.806547 -2211.137217
427077.478381 3835244.590345 -953.327164
429991.834278 3834424.067265 -952.100171
429066.023821 3834844.348712 -950.570450
429478.518885 3834519.896438 0.000000
432134.564486 3833125.262792 0.000000
431745.221423 3833464.369810 -954.850556
431239.870073 3833571.851589 0.000000
430872.151546 3833938.573931 -953.467419
430367.252897 3834061.247429 0.000000
432645.743184 3833077.562303 -956.270720
433080.218897 3832804.494231 0.000000
438502.656297 3834239.611558 -19290.810500
433717.612083 3835578.382730 -19290.810500
436015.985526 3834519.506976 -15469.333486
436080.390679 3832449.242136 -2203.755522
435564.332202 3832418.070859 -951.729826
436521.565517 3832099.814174 -952.237050
437459.773660 3831740.237166 -952.660565
436942.086552 3831792.132404 0.000000
440687.290212 3832763.036650 -15255.914342
439317.542487 3831006.437292 -953.502847
438801.253882 3831052.281936 0.000000
439739.897995 3830706.274826 0.000000
441211.975620 3830436.245106 -954.552905
440696.482640 3830414.221124 0.000000
441674.847938 3830208.247154 0.000000
438388.327732 3831366.960919 -953.068649
437872.024373 3831423.106447 0.000000
443169.435647 3830257.062193 -953.794446
442183.624002 3830288.482521 -954.994258
442670.383122 3830119.361523 0.000000
445181.369404 3830243.100379 -951.502199
444170.008385 3830275.335990 -952.154597
444670.962049 3830130.374602 0.000000
445659.331393 3832304.699927 -15141.351938
443273.579451 3832966.454724 -19290.810500
447621.977311 3829631.288831 0.000000
447174.167796 3829899.441118 -952.371949
446652.800714 3829878.528113 0.000000
448143.214951 3829618.579925 -952.703001
446720.030726 3830187.249118 -2139.372802
446186.125793 3830113.564092 -951.941788
450380.644840 3831087.564249 -15484.404762
448203.606797 3832429.126493 -19290.810500
451346.046698 3828176.518042 0.000000
450948.511159 3828512.306260 -953.441168
450433.504427 3828586.664995 0.000000
451859.374646 3828093.456147 -953.643970
450563.255734 3828881.844734 -2184.286414
450027.930804 3828913.266210 -953.227737
453671.002960 3827245.106026 -970.739091
452764.942611 3827666.862203 -953.857477
453157.449617 3827326.347459 0.000000
454855.709538 3829007.197902 -15167.219931
452841.256108 3830623.544232 -19290.810500
455908.671330 3826128.231743 0.000000
455497.213441 3826444.994326 -973.457989
454981.307448 3826503.535616 0.000000
456427.251864 3826093.246739 -997.824423
457370.466036 3825782.674906 -997.809246
456850.825523 3825791.947128 0.000000
458376.836490 3825509.660183 -1034.947476
457808.509718 3825502.813580 0.000000
459642.609642 3827354.203147 -15212.361880
457398.572371 3828615.014673 -19290.810500
460726.691623 3824801.832959 0.000000
460270.111217 3825050.419306 -954.205633
459751.121213 3825023.783261 0.000000
461246.341866 3824825.475547 -954.039021
459527.187727 3825402.019716 -2156.933644
459321.132408 3825263.885990 -930.673370
464161.062781 3824145.940361 -955.918484
463645.571814 3824103.110288 0.000000
464630.391482 3823928.054589 0.000000
463188.977284 3824349.112589 -955.179249
462670.907982 3824328.722122 0.000000
465139.582411 3824011.421375 -956.698513
465626.467351 3823840.032777 0.000000
473485.320404 3825345.714866 -12634.876472
477162.024675 3824739.536344 -11347.583372
477061.479419 3825266.257431 -14978.737247
472568.435163 3823665.467206 0.000000
472119.892509 3823931.728144 -955.143909
471599.033063 3823912.529727 0.000000
474041.519799 3823404.210546 -947.703638
473531.654839 3823394.912065 0.000000
474501.853948 3823151.099790 0.000000
475026.746632 3823175.814767 -842.037919
475488.090824 3822985.847752 0.000000
473087.971695 3823665.985917 -956.300848
476138.074127 3823127.895709 -1210.087683
476486.987453 3822952.699630 0.000000
371080.467885 3845700.516983 0.000000
426090.106449 3835361.779331 -954.924906
426564.881114 3835157.407065 0.000000
373076.147759 3845565.346760 0.000000
434582.758026 3832664.048199 -951.623137
434062.595043 3832616.954529 0.000000
435042.242672 3832415.836363 0.000000
378076.788026 3845671.923123 0.000000
443670.687813 3830125.826515 0.000000
383581.425267 3845424.786049 -954.466239
383061.799890 3845384.337490 0.000000
388010.966372 3844840.015128 0.000000
392997.713972 3844551.605164 0.000000
433596.038582 3832840.345232 -954.335333
397908.033510 3843601.048842 0.000000
401794.202935 3842657.618812 0.000000
406429.906769 3840779.640180 0.000000
467111.186511 3824045.726225 -955.818476
466626.248281 3823863.080716 0.000000
467622.182452 3823957.788477 0.000000
411589.423935 3838870.057286 -954.300179
411073.085974 3838918.272514 0.000000
416914.635632 3837734.087913 0.000000
466123.236064 3823980.030053 -956.744135
421301.754339 3836706.365430 -953.548427
420782.162082 3836725.608036 0.000000
431274.830975 3836181.244710 -15533.669025
429198.769905 3837636.104124 -19290.810500
436001.428200 3832132.581848 0.000000
477445.144976 3823256.757923 -1123.757680
477476.250000 3823093.750000 0.000000
440256.731605 3830686.302183 -953.975862
445667.650338 3830050.561449 0.000000
449510.698050 3828973.073863 0.000000
454580.058515 3826833.691527 -973.043368
454065.587274 3826906.505450 0.000000
458777.014568 3825252.032009 0.000000
464557.947878 3826214.971838 -15220.775673
462221.664806 3827376.122075 -19290.810500
470121.288513 3824263.362116 -953.160724
469615.092587 3824128.107114 0.000000
470613.774233 3824083.591632 0.000000
476942.094000 3825891.750000 -19290.810500
473436.435506 3825906.609029 -16202.375906
469106.441884 3824247.029872 -954.046354
468616.813447 3824065.821615 0.000000
468103.913558 3824153.871040 -954.962138
469525.324449 3826388.835515 -15314.399629
472080.886765 3826723.342445 -19290.810500
467126.704728 3826769.630734 -19290.810500
474429.975402 3824620.683207 -9573.846638
471132.548309 3824149.927554 -953.902451
475541.250069 3823676.902318 -4697.140765
477313.060710 3823948.447220 -5893.906665
475057.542210 3824059.419586 -6772.472192
474823.093586 3823377.494141 -1931.351431
363218.247657 3848695.400412 -2234.037909
364540.329079 3848148.317859 -2375.451556
367098.033267 3847048.144395 -2134.424027
365593.437461 3848494.534501 -7358.455582
365706.172848 3847642.476154 -2348.473305
363817.785435 3848664.923937 -3638.996967
366561.083019 3848495.145294 -9907.194135
369207.301652 3846373.996823 -2176.239357
376076.912805 3845605.230122 0.000000
375944.449991 3847471.025579 -12658.960904
381076.807542 3845627.978936 0.000000
376065.934321 3845930.645636 -2204.863650
380868.129688 3847503.484155 -12586.326906
381099.426318 3845947.485618 -2169.236324
385746.890066 3846751.479705 -12689.708615
391009.975901 3844778.280702 0.000000
385993.474620 3845179.505247 -2257.664055
390760.999609 3846661.113392 -12587.053323
395950.379281 3844015.275431 0.000000
391035.119214 3845094.634905 -2149.400721
395586.387513 3845993.453150 -12631.552996
401359.116236 3842945.561440 -953.394134
400837.264255 3842948.821463 0.000000
396031.311383 3844325.340482 -2167.071208
400353.985798 3844986.276468 -12601.344980
400936.232193 3843249.826045 -2142.539643
401885.911350 3842963.296886 -2160.078537
404574.605328 3841529.097063 0.000000
399996.558974 3843495.693540 -2221.783834
404997.296159 3843374.502238 -12630.241063
409220.760714 3839675.110081 0.000000
404701.908869 3841821.243302 -2158.275032
409614.398691 3841533.179548 -12661.452294
409340.917300 3839969.804425 -2155.533931
417204.991186 3838240.964694 -3648.954657
415959.869758 3838115.806014 -2183.088329
416944.134701 3838051.819808 -2162.713586
414363.694009 3839830.287692 -12657.331105
420350.285517 3837006.787837 -935.311394
419826.978079 3837023.260909 0.000000
419279.370271 3839120.834160 -12617.663088
420558.715842 3837129.802116 -2150.308594
421797.404837 3836749.615966 -2269.511748
424667.442492 3835853.957971 -2227.240561
425653.037652 3835627.825011 -2229.677474
426610.479923 3835480.334871 -2208.448681
425424.197186 3835917.695349 -3853.936845
423714.635876 3836127.584917 -2230.530936
433580.657376 3834749.664972 -13609.992894
428948.157513 3836667.784411 -12510.430185
432257.304074 3833419.633144 -2161.121183
431388.969879 3833853.024466 -2155.521956
437059.224200 3832099.755803 -2229.467407
438369.848815 3833241.916111 -12682.342462
438920.591341 3831359.533327 -2232.218752
443044.744443 3831970.870832 -12572.017870
444685.566065 3830446.345823 -2142.553584
449093.812483 3829285.751090 -952.980823
448574.261616 3829325.017460 0.000000
448260.621721 3831359.581850 -12450.698163
452252.525833 3827753.094065 0.000000
447709.789888 3829934.789037 -2140.161051
452156.797792 3829841.312620 -12537.194125
455884.785161 3826495.352884 -2265.514410
453306.192889 3827609.584313 -2164.102332
452390.396292 3828047.864874 -2204.112073
457030.966355 3827695.497968 -12590.188335
457744.255765 3825870.781370 -2286.575562
462219.537724 3824586.548372 -954.448321
461700.137676 3824570.802146 0.000000
460784.869859 3825120.550933 -2191.770391
461791.871981 3824874.035493 -2143.089054
462061.840768 3826390.399026 -12549.291762
465645.175824 3824156.563337 -2145.120159
466802.785519 3824411.333856 -3604.107971
465127.413466 3824414.000441 -3670.645194
462744.429787 3824632.684773 -2118.599329
477246.534291 3824296.852071 -8295.769129
469597.046597 3824447.044898 -2160.857156
468596.640045 3824383.464243 -2155.525786
475896.057545 3823391.439179 -2959.608832
477408.665487 3823447.863682 -2441.218671
477364.941067 3823676.657102 -4020.217365
473481.345862 3824200.386172 -5162.327870
474207.069976 3823740.992938 -3428.879063
371090.877514 3846027.438541 -2205.025568
433161.716778 3833112.837123 -2161.129597
378051.522191 3845991.132134 -2164.815605
443657.526277 3830445.813741 -2168.670632
442681.089107 3830437.657917 -2157.074973
388031.947068 3845157.276239 -2141.721898
444511.281905 3830664.211577 -3578.029884
434142.055147 3832929.652331 -2177.935940
466605.393735 3824177.822854 -2136.565782
435737.676583 3834068.072173 -12001.593676
428638.249574 3835168.348987 -2145.757858
435112.702010 3832725.908179 -2153.601875
439858.279744 3831005.481500 -2176.348150
471403.018458 3825340.946789 -9224.065063
473652.849092 3823697.946980 -2194.519782
472612.162799 3824215.519366 -3669.733538
472635.496595 3823979.648441 -2171.198948
467041.735051 3825760.509927 -12554.536975
470286.415671 3825845.789676 -11728.052525
472571.494040 3824771.199466 -7235.100388
467582.111493 3824275.111848 -2165.065148
471664.458344 3824223.000208 -2147.758014
471280.214447 3824519.431590 -3601.882554
470664.030301 3824397.616943 -2154.771527
464670.081211 3824243.533409 -2154.893977
364597.850281 3848604.669900 -5364.566510
468037.406789 3825424.419100 -9558.350304
463358.973511 3824702.353925 -3542.789521
463703.721475 3824413.184997 -2137.587992
430532.856981 3834334.125774 -2159.537323
440774.126733 3830724.246261 -2164.885926
441294.310554 3830824.947342 -3646.563693
439753.912224 3831269.231406 -3639.235125
422791.698695 3836415.300131 -2201.468464
469995.635126 3824671.363882 -3687.262931
471320.749404 3824785.061770 -5420.265241
468322.583136 3824575.266765 -3635.363990
459694.655240 3825870.320078 -5502.012665
460325.518709 3825458.324410 -3730.559106
461163.750939 3825539.119216 -5531.174896
461673.022766 3825124.218585 -3594.929328
458825.789238 3825795.773021 -3657.201025
464682.962183 3825519.219614 -10711.762840
454311.564030 3827169.969501 -2311.681865
459615.467225 3826216.046253 -7661.697664
461850.939779 3825971.448602 -9456.382259
459466.070641 3826725.837227 -10795.188055
455013.548168 3827079.269577 -3672.779534
453124.359705 3827938.671808 -3656.886500
456930.442808 3826348.323934 -3750.687576
451474.336271 3828470.972813 -2174.702863
449615.423165 3829274.324527 -2158.152529
448677.432003 3829623.912035 -2141.128450
449867.223898 3830046.170688 -7643.504479
452128.297412 3829353.957200 -9460.378730
450017.998854 3830402.461567 -10263.122945
451372.247092 3828759.607757 -3661.444558
449882.575791 3829399.827757 -3620.966907
454540.586569 3828410.226806 -10602.731082
445718.439184 3830364.051696 -2150.565141
448223.645461 3830004.713919 -3608.613184
446405.609626 3830461.333579 -3533.822350
447491.465832 3831083.051119 -9251.902845
444887.838848 3831253.222549 -7650.521098
446478.830580 3830964.082088 -6973.498449
441727.081748 3830523.001700 -2161.400231
442923.305366 3830645.921558 -3606.104428
437989.571680 3831727.971839 -2212.192137
438299.647780 3831849.633419 -3762.764920
435228.746622 3832916.329033 -3595.926910
445402.547003 3831674.017688 -10737.622884
436673.540462 3832492.575672 -3803.211695
440251.941322 3832182.791642 -10583.564802
433634.188616 3833240.660367 -3667.863204
432933.990553 3833666.498593 -5366.563665
431823.231117 3833865.710554 -3618.949100
430179.311275 3834782.392013 -3691.173676
428502.968176 3835429.807025 -3627.048942
429592.587106 3834820.322174 -2172.016542
431588.213111 3835464.696913 -12334.746520
424082.675261 3837632.063870 -12701.454357
423847.020603 3836603.987240 -5577.964196
422695.964430 3836697.858692 -3822.254473
424097.331425 3836246.302122 -3747.313825
421025.305779 3837891.955123 -8026.158303
423560.740510 3837343.878923 -9780.954580
421548.571595 3838180.378007 -10965.666968
419122.381734 3837566.703296 -2187.693436
426489.252276 3836753.363048 -10681.450676
421225.041726 3837196.108881 -3949.824462
414959.653248 3838173.563579 -2178.606392
417115.259494 3838853.650856 -7683.688264
418973.424208 3838750.090910 -9649.743702
416595.656437 3839334.686111 -10609.048557
413990.096340 3838326.463876 -2165.443815
413044.261848 3838563.950453 -2153.132879
412115.123415 3838867.032168 -2158.996065
415475.738378 3838351.043143 -3649.261293
413842.567340 3839479.478232 -9557.964164
411189.856391 3839215.038769 -2159.756807
410265.494369 3839589.581580 -2159.079001
411898.289421 3839751.844528 -7279.050596
413629.170511 3839193.159756 -7316.524785
413540.644609 3838640.676373 -3544.820512
408412.145766 3840343.913617 -2161.592970
411638.414416 3839267.001195 -3584.289964
406548.897639 3841076.521372 -2165.206469
405619.591177 3841446.523562 -2168.314620
409804.246558 3840011.177019 -3606.252249
408236.949841 3841259.138298 -7491.085869
407123.125026 3842196.861739 -10650.396118
406323.572801 3842041.357309 -7679.957256
403782.692324 3842215.652720 -2178.143585
407946.263879 3840758.095713 -3612.555022
411665.700074 3840360.870134 -10560.537193
406168.549690 3841472.589571 -3712.840568
403340.819037 3842915.722333 -5378.206631
405328.507548 3842086.630391 -5442.759862
404164.860814 3842863.055808 -7226.962361
404316.767954 3842216.203267 -3605.323013
400856.911359 3843497.998203 -3629.152459
401900.796897 3843807.239662 -7614.463010
404473.345569 3843090.868333 -9467.788408
402513.889001 3844101.442576 -10827.895775
402492.455281 3842981.452024 -3663.829288
397954.084657 3843915.881124 -2150.652146
396995.013491 3844119.250941 -2152.224985
399261.272191 3844457.191565 -7528.587595
397842.084343 3845217.194213 -10619.205502
397419.225350 3844830.343232 -7460.997362
395022.095145 3844533.869266 -2197.324743
399327.301768 3843878.341004 -3786.351058
397478.800047 3844224.770548 -3533.769322
393038.797917 3844869.762989 -2172.148565
392035.879334 3844997.929859 -2155.764152
395625.325633 3844636.906109 -3678.140475
393652.743134 3844992.051489 -3618.877201
390024.330033 3845156.486388 -2149.073911
391634.472184 3845247.462679 -3542.454565
387065.786923 3845146.377194 -2231.124187
388851.580941 3845627.635754 -5208.909262
390628.018246 3845580.429122 -5229.451825
389384.343193 3845905.418550 -7100.960231
385029.791955 3845293.327443 -2161.739946
389677.839462 3845379.646276 -3574.436126
387948.197948 3845375.229614 -3634.901198
392949.037158 3846125.531013 -10505.735936
384097.901208 3845493.571798 -2166.216827
388074.138997 3846451.959272 -10897.565159
383110.957551 3845695.212730 -2131.664029
382118.606399 3845848.923284 -2155.001152
384031.180326 3846315.539609 -7494.764724
387117.567253 3845989.179708 -7939.266610
385432.453332 3846334.803135 -9593.804059
385170.113985 3845503.527613 -3741.516066
383494.473043 3845840.890814 -3594.756583
380099.689684 3845998.273888 -2187.269296
378340.138582 3846825.471202 -7770.571539
380554.465141 3847078.611957 -9612.601548
378136.888265 3847250.115317 -10673.330607
377097.048526 3845963.263533 -2173.724392
379882.573425 3846222.792566 -3673.517679
375070.994439 3845895.658348 -2180.511446
378289.051868 3846218.338233 -3666.163256
383166.698407 3846955.510379 -10605.385105
381667.551542 3846124.020659 -3675.003717
373112.243476 3845893.201054 -2226.837666
372087.092982 3845940.039229 -2237.994410
376613.175079 3846173.746145 -3715.934761
374679.021843 3846102.545475 -3641.893354
370144.171786 3846167.459095 -2180.598443
370840.164275 3847632.590506 -12748.351202
373198.826723 3846708.282342 -7757.642454
375428.318577 3847002.959762 -9605.837530
373150.749468 3847172.885646 -10897.260567
372848.206168 3846124.300292 -3734.667201
371319.558440 3846226.483898 -3718.538841
367838.270549 3848335.614903 -12059.508060
368269.066428 3846649.320674 -2207.759514
366734.148718 3847715.801677 -5457.060430
368635.803950 3847051.792068 -5541.933677
367910.343787 3847635.406224 -7758.248983
366686.812732 3847430.112392 -3540.527642
367953.869908 3846993.950732 -3756.645552
369611.418195 3846500.295500 -3646.960953
365450.506367 3848019.190606 -4017.978170
370069.430643 3847318.630866 -9728.381443
370421.370864 3846586.068146 -5295.789239
372069.392529 3846448.588369 -5663.457625
377408.891980 3846460.886803 -5471.455808
379126.686116 3846505.733652 -5542.906859
382013.585261 3846655.268642 -7501.111296
380854.775436 3846435.796824 -5364.717795
382663.180796 3846251.371228 -5353.046765
386581.697646 3845390.958355 -3877.724800
387400.746343 3845652.927170 -5618.581529
390150.890664 3846220.008880 -9377.719903
385813.186903 3845728.050274 -5862.447609
393602.917533 3845543.985963 -7259.251778
395278.510038 3845576.153933 -9456.544711
391607.923002 3845803.842682 -7277.354411
392524.486169 3845397.721656 -5243.555529
400110.500053 3844581.582443 -9567.215804
396621.992960 3844668.458541 -5264.239864
400269.256141 3843943.906394 -5594.873866
409270.577095 3841184.816916 -9604.163886
410136.808752 3840459.152477 -7269.682480
409046.487827 3840594.020869 -5325.962492
410926.492267 3839816.237389 -5276.441497
418614.974206 3837948.207256 -3776.735232
414518.056394 3838695.017714 -5277.729774
419870.025932 3837554.070944 -3527.221602
420005.926923 3837820.831692 -5521.891573
419055.682808 3838384.853758 -7410.257557
418091.076268 3838351.278861 -5564.044145
430168.675346 3835788.747571 -9761.284908
427358.347860 3836273.063607 -8073.536082
429038.352459 3835885.892794 -7540.301278
425127.576115 3836592.197100 -7847.782572
423185.591130 3837145.843938 -7730.570677
426994.640466 3835684.300638 -3860.730542
432241.396955 3834378.110820 -7995.280861
431236.959145 3834488.759840 -5413.202184
433063.433711 3834451.544151 -10683.619745
437410.728681 3832487.211014 -5533.438040
440628.508463 3831228.305597 -5199.558815
442146.108230 3830948.891134 -5391.963469
442728.043208 3831522.578855 -9512.328096
443793.887042 3830931.125938 -5430.655567
449138.597937 3829952.265074 -5279.783636
450723.310779 3829354.692277 -5551.565805
455095.305440 3827675.970455 -7597.403094
457057.018930 3827195.120755 -9451.861302
453421.620185 3828392.400637 -7295.226926
452325.669840 3828585.990721 -5314.389077
454120.565400 3827737.481820 -5273.717771
458024.919272 3826280.147894 -5464.580265
462216.297339 3825533.544754 -7171.135407
462583.820934 3825129.858519 -5123.668283
464216.556593 3824825.213536 -5556.371152
465965.074576 3824624.037215 -5334.272651
466157.539123 3824979.017226 -7707.079113
438397.855884 3832447.177302 -7764.261230
437334.469526 3833173.019898 -9681.933847
469315.301538 3824892.408461 -5250.897517
469347.867917 3825186.998546 -7233.568709
435314.017295 3833154.806232 -5303.274625
467557.013206 3824782.323687 -5597.770829
434710.728803 3833888.040045 -9251.623930
464019.597851 3825224.384573 -7944.861676
455972.415047 3826967.330021 -5453.003419
447350.119246 3830494.557881 -5152.711910
448233.445986 3830541.817988 -7086.854847
445467.323592 3830846.475469 -5189.220572
442790.605601 3831206.465153 -7380.303497
439193.020667 3831787.134774 -5600.354275
440516.452518 3831610.695384 -7455.758167
429460.147290 3835384.944551 -5311.248807
427804.904996 3835856.789958 -5627.587024
430600.948491 3835142.566163 -7172.631243
425863.014231 3836131.150441 -5850.238896
422011.756523 3837240.172805 -5878.319509
416367.587027 3838570.216789 -5368.504025
412682.629421 3839160.515490 -5282.319579
407215.906414 3841328.257118 -5403.048778
401747.175229 3843494.607593 -5276.763367
398394.725429 3844297.794540 -5289.803621
394654.887642 3845065.325274 -5268.206833
395634.514137 3845155.974337 -7135.978965
384303.752704 3845927.554283 -5339.746316
375418.764548 3846403.859021 -5552.658535
373706.971258 3846355.635758 -5410.999544
376263.184377 3846739.504706 -7630.770983
370277.164143 3846916.005877 -7328.227620
457228.717712 3826804.813968 -7313.590372
436131.175437 3833226.892593 -7308.433638
451696.227892 3829209.314610 -7343.498237
415434.541153 3838913.318155 -7433.088108
380219.740492 3846763.235659 -7385.561453
434077.314901 3833645.759164 -6889.769465
