361052.928602 3849245.169607 -397.653614  0.000000 0.116941 90.000000
361490.757856 3849129.152411 -671.996820  0.000000 0.111450 89.999999
362552.825336 3848707.809948 -599.367751  0.000000 0.102063 90.000000
363517.086769 3848315.104916 -665.467963  0.009219 0.078469 83.299032
365847.305658 3847263.325155 -341.740596  0.304965 -0.013193 -2.477191
367695.634327 3846549.917304 -318.722932  0.547985 -0.096637 -10.001252
362448.171659 3850660.457989 -12875.253435  0.078280 -0.137958 -60.428480
364172.739770 3850795.846349 -18103.594034  0.000000 -0.177522 -89.999998
361187.641131 3849410.738935 -1772.914009  0.000000 0.089580 90.000000
361314.119714 3849585.928071 -3188.905080  0.000000 0.057060 89.999993
361518.212985 3849781.239280 -4930.487921  0.068300 0.016351 13.463473
364462.118210 3847907.849251 -670.430579  0.026231 0.045319 59.937338
361758.426945 3850014.111431 -7008.273045  0.164057 -0.030850 -10.649840
366333.376622 3847114.333353 -655.352760  0.508014 -0.036865 -4.150537
362044.377310 3850308.805852 -9601.984432  0.188632 -0.083899 -23.978285
368183.489782 3846437.877735 -637.518576  0.754936 -0.123968 -9.325283
369139.369344 3846162.559935 -637.663834  0.912918 -0.176652 -10.951525
370109.626299 3845947.966078 -637.704006  0.897168 -0.231606 -14.474997
368557.498037 3849124.050223 -18013.208283  0.000017 -0.227378 -89.995688
372083.421318 3845708.820335 -648.261523  1.146274 -0.347989 -16.887375
370943.647079 3848354.250212 -16675.166183  0.024818 -0.270477 -84.757531
374076.158901 3845654.416806 -644.895261  1.592750 -0.465945 -16.306371
375074.594903 3845670.206599 -645.094064  1.833303 -0.521542 -15.880114
374075.706027 3845762.594587 -1377.811951  1.677012 -0.459778 -15.331749
377073.622116 3845735.479489 -640.985402  2.194534 -0.620768 -15.794611
375931.305851 3848063.549097 -16588.355099  0.000000 -0.364502 -90.000000
379076.981796 3845778.673179 -636.570179  2.515604 -0.688548 -15.307559
380080.218721 3845766.503403 -636.449237  2.469037 -0.708058 -16.001571
379076.898272 3845887.344129 -1372.479064  2.571486 -0.674180 -14.690889
382083.612682 3845622.433753 -636.199741  2.017948 -0.716215 -19.540906
380898.964493 3848008.454826 -16557.131090  0.043200 -0.417149 -84.087557
384539.479674 3845118.726287 -318.659617  3.373111 -0.672426 -11.274063
385036.294024 3845070.171017 -637.753732  3.404957 -0.652949 -10.855490
386018.921041 3844947.076159 -644.121761  3.345694 -0.614501 -10.407471
387010.986933 3844915.928403 -643.554987  2.856551 -0.569192 -11.269081
385833.673621 3847476.673548 -16570.506091  0.000000 -0.396853 -89.999989
389011.280206 3844949.957591 -636.302673  2.442727 -0.473094 -10.961028
390015.113901 3844929.762939 -636.239534  2.424499 -0.423164 -9.900488
389011.053482 3845055.689595 -1352.167726  2.956326 -0.469786 -9.029301
392016.024294 3844771.575626 -636.289755  2.392326 -0.324425 -7.722806
390784.391737 3847177.050809 -16567.626982  0.009181 -0.309994 -88.303545
394486.421602 3844351.142157 -318.172172  1.522130 -0.213157 -7.971793
394987.301139 3844304.417797 -636.375295  2.361322 -0.194299 -4.703923
394019.027574 3844590.559479 -1360.431830  2.334504 -0.237340 -5.805084
396948.719333 3843900.236726 -636.518057  1.913686 -0.120718 -3.609520
395681.176815 3846535.141426 -16552.783616  0.654911 -0.182097 -15.538540
398907.363996 3843491.157291 -642.888318  1.132178 -0.045195 -2.285935
399886.839726 3843278.649879 -642.592723  1.971596 0.000020 0.000569
398917.096920 3843601.537976 -1388.309211  2.050790 -0.046637 -1.302747
400513.372364 3845488.662984 -16562.767291  0.838523 -0.051186 -3.493187
403211.047912 3842158.117221 -318.002243  3.294335 0.158686 2.757761
403690.379813 3842006.928754 -636.161167  3.051118 0.178285 3.344145
402803.928884 3842491.379760 -1363.972021  3.269480 0.133255 2.333920
405535.809242 3841237.312572 -636.250642  2.538271 0.250935 5.645953
405202.026344 3843922.760214 -16567.391766  0.218883 0.057005 14.597616
407395.727311 3840501.787022 -636.000286  2.741915 0.309774 6.445796
408326.894954 3840134.760869 -635.885637  2.821493 0.329541 6.661772
407434.617726 3840600.868089 -1356.716115  2.658394 0.300910 6.457961
410181.555963 3839381.314423 -635.933024  2.970352 0.347528 6.673202
409818.431422 3842063.786125 -16572.017089  0.180393 0.129235 35.618120
412499.029623 3838454.144037 -318.205260  1.400988 0.334015 13.409754
413456.467015 3838177.072186 -318.327249  1.575980 0.318204 11.415049
414431.070882 3837975.743047 -318.463289  2.036091 0.298027 8.327359
415921.988479 3837888.515971 -635.756423  2.675895 0.260027 5.550228
414563.072846 3840565.449117 -16566.518459  0.733106 0.150030 11.565873
418394.079536 3837474.464133 -317.714160  2.781351 0.192725 3.963796
418899.949417 3837389.065311 -644.543588  2.589725 0.178061 3.933288
417942.892041 3837744.067318 -1368.003246  2.886910 0.205896 4.079452
419444.617145 3839605.158736 -16583.612150  0.422359 0.126052 16.617580
422224.291803 3836307.365776 -317.882047  2.749909 0.094383 1.965740
422714.353394 3836197.905003 -635.834896  2.863231 0.085687 1.714153
425098.592924 3835462.536941 -318.211212  2.247829 0.051457 1.311371
424132.727298 3835712.252099 -318.078508  2.691575 0.062104 1.321786
424229.706594 3838255.888664 -16598.874748  0.000000 0.078996 90.000000
428060.364684 3835009.759209 -316.996416  2.800019 0.035002 0.716199
427589.891453 3835243.295527 -1371.817876  2.419161 0.037574 0.889846
429512.125662 3834596.104138 -634.223540  2.209245 0.028352 0.735245
431706.551994 3833387.161397 -318.283519  1.046082 0.010043 0.550039
430826.424838 3833857.224316 -317.822473  1.037499 0.019028 1.050725
432620.175522 3833002.439775 -318.756907  1.641929 -0.001068 -0.037267
436078.751302 3834779.167088 -18016.984829  0.000000 -0.053016 -90.000000
436055.429466 3832322.375723 -1369.240799  1.826579 -0.057635 -1.807289
436974.475243 3831877.394581 -634.965872  1.025003 -0.077781 -4.339484
438401.977345 3833840.718395 -16672.019443  0.026396 -0.077620 -71.218679
439286.231455 3830921.664685 -317.834282  1.249079 -0.121469 -5.554359
441194.435399 3830352.904461 -318.184302  1.046923 -0.145488 -7.911568
438353.868662 3831280.783101 -317.689550  1.248266 -0.105800 -4.844663
442674.480924 3830221.635412 -636.262901  1.745955 -0.157877 -5.166878
444674.113279 3830216.270324 -634.552265  2.473909 -0.170595 -3.944740
443206.733685 3832678.063767 -16562.692260  0.788149 -0.128260 -9.243056
447149.648607 3829803.086021 -317.457316  2.139045 -0.183075 -4.891865
447646.453352 3829716.436625 -635.024983  2.173548 -0.185286 -4.872454
446693.441438 3830066.751443 -1347.895513  2.499911 -0.180027 -4.118962
448081.194343 3831940.463556 -16638.855733  0.181954 -0.171880 -43.369177
450909.354095 3828425.163099 -317.813723  2.441116 -0.202567 -4.743606
451384.644168 3828260.760150 -635.695046  2.625033 -0.205162 -4.468931
450513.232566 3828769.139068 -1363.651773  2.622953 -0.200145 -4.363505
453197.798396 3827412.771896 -641.532189  3.170682 -0.216553 -3.907153
452692.536829 3830239.435461 -16647.478398  0.000000 -0.208255 -90.000000
455462.397406 3826358.920562 -324.485996  2.221193 -0.230658 -5.928594
455944.378878 3826222.157603 -657.094137  2.419936 -0.231918 -5.474299
456882.847808 3825889.289591 -665.211223  2.074799 -0.234574 -6.450386
457851.937415 3825598.382890 -677.585574  1.410795 -0.236523 -9.517275
457298.963850 3828325.471907 -16556.797437  0.000000 -0.245399 -90.000000
460249.308018 3824958.678509 -318.068544  2.018592 -0.247811 -6.998859
460747.714902 3824892.575937 -636.081551  2.934114 -0.252693 -4.922310
459706.143784 3825238.775004 -1347.270882  2.177150 -0.246093 -6.449024
464145.675359 3824059.035079 -318.639495  3.207241 -0.282782 -5.038731
463168.485694 3824260.315000 -318.393083  3.430791 -0.274464 -4.573940
465132.147082 3823926.502914 -318.899504  2.804100 -0.291081 -5.926394
475902.941499 3825117.169547 -12987.065697  0.922935 -0.336147 -20.012400
472095.786912 3823836.575026 -318.381303  3.070554 -0.358151 -6.652950
474025.009529 3823316.740800 -315.901213  2.709588 -0.373007 -7.838186
475005.563801 3823104.254103 -280.679306  2.103016 -0.377565 -10.178154
473062.687232 3823575.455063 -318.766949  3.267273 -0.366357 -6.397807
476037.717468 3823022.147697 -403.362561  1.174888 -0.380305 -17.936474
371582.734821 3845700.394991 -323.661156  0.985754 -0.318165 -17.888140
415419.789507 3837868.331370 -318.347880  2.469503 0.274018 6.331677
426077.031760 3835275.538933 -318.308302  1.969442 0.044035 1.280857
373576.738805 3845607.621310 -322.476652  1.439853 -0.438370 -16.933101
434562.531914 3832565.613030 -317.207712  1.869719 -0.030089 -0.921965
378576.254509 3845727.290911 -318.313252  2.432893 -0.678778 -15.589129
444170.552749 3830177.179036 -317.384866  2.331179 -0.168075 -4.123805
383561.338206 3845329.235602 -318.155413  2.854770 -0.699082 -13.759932
388510.165756 3844898.039928 -318.194308  2.037575 -0.498823 -13.756138
393499.303889 3844520.540720 -318.154585  0.722171 -0.254568 -19.417740
442176.285021 3830205.363733 -318.331419  1.403280 -0.154498 -6.282846
433579.617507 3832753.931331 -318.111778  2.156656 -0.014375 -0.381893
398407.459495 3843545.928517 -318.248608  0.288729 -0.066349 -12.941646
402279.914034 3842528.450383 -317.830844  3.526587 0.114203 1.854788
406912.786423 3840640.717136 -318.029904  2.825076 0.299663 6.054879
467119.872415 3823955.531806 -318.606159  2.528945 -0.308341 -6.951469
411557.347318 3838784.854060 -318.100060  2.141369 0.345051 9.153707
417415.502064 3837694.351554 -317.230367  2.945357 0.220547 4.282292
466125.317232 3823894.381182 -318.914712  2.624748 -0.299624 -6.512323
421272.671448 3836616.554699 -317.849476  2.305991 0.116341 2.888208
427067.286855 3835150.472557 -317.775721  2.044668 0.038935 1.090894
429018.337820 3837078.967557 -16686.936785  0.000000 0.024589 89.999962
435536.001025 3832322.163023 -317.243275  1.170533 -0.048033 -2.349837
477136.127476 3823101.069184 -374.585893  0.000000 -0.383751 -90.000000
440231.037414 3830602.266044 -317.991954  1.081281 -0.134576 -7.094537
446168.858948 3830014.217885 -317.313929  2.409743 -0.178498 -4.236356
449990.711094 3828824.335023 -317.742579  2.329637 -0.197609 -4.848449
454542.317746 3826747.910864 -324.347789  2.644867 -0.226199 -4.888251
459283.089397 3825179.900420 -310.224457  0.000000 -0.240765 -90.000000
462140.740775 3826981.765687 -16574.649351  0.000000 -0.280064 -90.000000
470116.718445 3824158.353621 -317.720241  1.664619 -0.337972 -11.476916
475813.336308 3825688.205487 -16823.974551  0.080669 -0.331367 -76.317797
469112.782640 3824146.986200 -318.015451  1.777600 -0.327461 -10.437731
468114.303152 3824059.160377 -318.320713  2.549236 -0.317546 -7.100476
469577.638647 3826627.269565 -17965.340210  0.347575 -0.319443 -42.584950
475025.773494 3824901.978139 -11185.435494  1.526440 -0.338908 -12.518039
471115.118535 3824048.682971 -317.967484  2.590981 -0.348523 -7.661096
475970.617663 3823894.923041 -5787.839874  2.700899 -0.357564 -7.541359
475329.304782 3823227.068206 -1327.825678  2.049157 -0.375082 -10.372711
362096.057590 3848839.395938 -274.343205  0.000000 0.112066 89.999998
362339.199237 3848884.836919 -1179.320916  0.000017 0.093577 89.989519
363046.748043 3848460.199927 -325.024546  0.000000 0.094274 90.000000
362734.254535 3848798.904252 -1649.657014  0.018188 0.079698 77.144542
363983.832144 3848062.091393 -340.443417  0.000000 0.065105 90.000000
363920.788746 3848335.692550 -1876.939906  0.146716 0.047524 17.948081
364911.331047 3847658.739454 -329.987162  0.000000 0.028915 90.000000
366764.231594 3846890.234744 -313.612164  0.631112 -0.053017 -4.801885
362563.407288 3851213.972912 -16633.656703  0.000000 -0.167771 -90.000000
367210.925627 3846884.202245 -1343.809771  0.699985 -0.076802 -6.261444
361587.283638 3849183.612523 -1251.949985  0.000000 0.100894 90.000000
361660.402555 3849341.159703 -2425.860278  0.000000 0.072456 89.999649
363418.219360 3848476.782270 -1410.147266  0.062570 0.067598 47.212243
364171.176235 3849191.906982 -7886.412577  0.465695 -0.074297 -9.064591
365523.771236 3847577.529536 -1454.552193  0.334551 -0.006094 -1.043548
361915.525387 3849492.210783 -4012.073601  0.054673 0.034529 32.274989
362883.771698 3849092.508619 -3882.074622  0.154490 0.028161 10.330676
365405.522957 3847502.047480 -671.727758  0.166439 0.005113 1.759737
363224.123436 3850071.763809 -11046.841041  0.211449 -0.116608 -28.875426
362266.573961 3849649.203202 -5889.163562  0.161971 -0.009889 -3.493789
367247.580437 3846758.212349 -632.335095  0.616420 -0.074783 -6.917197
362678.007153 3849843.112306 -8171.179282  0.244183 -0.060504 -13.916580
364992.071142 3849281.811296 -10616.760328  0.437787 -0.135224 -17.164847
368646.711760 3846248.145658 -318.795645  0.860051 -0.148358 -9.787149
369170.213680 3846265.155034 -1363.076953  1.040510 -0.182150 -9.929502
369612.626072 3846001.086754 -318.868189  0.869900 -0.202711 -13.117425
370592.523818 3845819.000979 -318.835816  0.837540 -0.259305 -17.202695
365895.802080 3849554.660915 -14578.163492  0.154935 -0.184244 -49.938768
372578.456382 3845633.527629 -324.600366  1.240598 -0.378534 -16.968101
373455.584901 3848284.861687 -17952.768400  0.000000 -0.316087 -90.000000
376575.118840 3845670.895521 -322.610756  2.110084 -0.600936 -15.896553
374575.963348 3845612.226559 -322.418609  1.700832 -0.496013 -16.258242
375926.206604 3847736.733995 -14377.738567  0.060689 -0.379910 -80.923897
375575.429822 3845636.705557 -322.675455  1.935650 -0.550539 -15.876851
376073.686469 3845700.814804 -645.286211  2.032362 -0.573497 -15.758130
377575.324118 3845704.078232 -318.374646  2.255425 -0.644509 -15.947782
378437.833516 3848288.667785 -17926.397199  0.000000 -0.390245 -90.000000
381579.390734 3845629.816529 -318.130120  1.598266 -0.722393 -24.322268
376070.026974 3845809.286642 -1380.240761  2.045816 -0.562383 -15.370613
379577.886925 3845729.559677 -318.256927  2.528160 -0.703511 -15.550281
380874.963040 3847679.308499 -14322.303225  0.220702 -0.441770 -63.453942
380579.497939 3845700.473073 -318.192310  2.245569 -0.718091 -17.733294
381083.194636 3845717.759176 -636.322430  2.060538 -0.717257 -19.192605
382574.669658 3845508.024518 -318.069621  2.098286 -0.715982 -18.840795
383379.590314 3847940.633599 -17921.544391  0.000000 -0.406528 -89.999999
381090.734228 3845824.261403 -1359.401205  2.594271 -0.701679 -15.134808
383077.566181 3845471.651382 -636.225034  2.620248 -0.704826 -15.055741
385797.471567 3847153.784899 -14370.138796  0.111282 -0.418365 -75.104601
385520.499141 3844948.961547 -319.094115  3.225077 -0.637430 -11.180303
386512.102870 3844875.015067 -325.027647  3.203942 -0.594686 -10.515041
387509.803045 3844874.427462 -318.527340  2.194169 -0.547489 -14.010364
388330.515103 3847489.200748 -17939.772200  0.000000 -0.352690 -90.000000
391512.538788 3844777.739478 -318.142695  2.389335 -0.348220 -8.291871
386013.075056 3845058.980220 -1396.676446  3.627349 -0.605569 -9.477858
389512.320506 3844898.206395 -318.108365  2.478674 -0.448800 -10.263044
390760.169903 3846847.950738 -14333.041256  0.000179 -0.324150 -89.968347
390513.669294 3844857.267133 -318.131169  2.021680 -0.398155 -11.141390
391017.190787 3844868.849685 -636.273865  2.381080 -0.373188 -8.907533
392507.934088 3844664.092237 -318.147060  1.991011 -0.300074 -8.570792
393271.889000 3847130.878557 -17918.665281  0.293294 -0.245773 -39.962079
396449.587538 3843957.972454 -318.239072  2.519844 -0.138450 -3.144893
391025.571892 3844974.301086 -1352.740772  2.881876 -0.373536 -7.385249
393010.862310 3844642.312994 -636.301645  1.571573 -0.277767 -10.023210
395621.680734 3846212.783733 -14333.031114  0.730034 -0.183429 -14.104194
395469.508680 3844161.070222 -318.203123  2.823064 -0.174545 -3.537996
395969.306688 3844106.634375 -636.442195  2.909025 -0.156109 -3.071756
397428.348829 3843750.476856 -318.278985  0.856143 -0.103691 -6.905712
398155.629968 3846252.019842 -17924.928834  0.864376 -0.116206 -7.656911
401330.194475 3842850.667238 -317.798045  3.194474 0.068210 1.223227
395996.284056 3844209.989393 -1358.799265  3.157455 -0.155300 -2.815834
399387.233368 3843341.455772 -324.639710  1.511500 -0.022951 -0.869912
400417.872434 3845172.644779 -14332.945451  0.900480 -0.043830 -2.786641
401393.753259 3843052.894790 -1752.004105  3.136832 0.062701 1.145118
400363.345472 3843116.011978 -317.953013  2.087155 0.022721 0.623694
400861.035285 3843034.967835 -635.751058  2.730613 0.045131 0.946897
402938.622045 3844967.880822 -17928.648957  0.538829 0.002539 0.269982
405055.047405 3841382.141849 -318.161139  2.396866 0.235682 5.615801
399930.343785 3843380.983102 -1383.187334  2.507367 0.001057 0.024149
401822.584570 3842741.264218 -635.628889  3.386391 0.090320 1.527799
405088.699196 3843614.642383 -14347.201954  0.221037 0.069109 17.362311
404132.565474 3841767.829141 -318.158924  2.797433 0.198997 4.068916
404611.334088 3841616.863773 -636.320063  2.596661 0.215850 4.751837
405982.345964 3841007.879390 -318.089503  2.687973 0.269829 5.732364
407577.036161 3843181.974288 -17929.553309  0.097286 0.092595 43.584638
409701.239961 3839528.047229 -317.927161  3.085473 0.348551 6.445110
404653.768602 3841714.245853 -1355.745074  2.684153 0.208884 4.449860
407844.161060 3840275.121426 -317.970383  2.698425 0.323143 6.828784
409702.186853 3841758.813348 -14362.231020  0.248128 0.146054 30.482061
408774.238714 3839905.514283 -317.915254  3.008464 0.339545 6.439343
409255.829550 3839761.185881 -635.842415  3.043198 0.342238 6.416514
410626.867434 3839149.043665 -318.005863  2.817379 0.350211 7.085738
412223.759806 3841388.066048 -17933.274280  0.413670 0.139278 18.607810
409295.881745 3839859.417329 -1354.353726  2.911362 0.332453 6.514470
411108.072876 3839007.747154 -636.105923  2.543560 0.345897 7.744103
416702.998548 3838136.196839 -2664.918857  2.980420 0.232188 4.454600
412988.488881 3838352.706760 -636.532510  1.602671 0.324687 11.452610
414468.742970 3840251.608671 -14355.358660  1.021090 0.164959 9.176977
413951.023163 3838111.491453 -636.790538  1.915497 0.307221 9.111894
416418.547161 3837814.655030 -317.408543  2.769382 0.247747 5.112039
417063.445683 3840272.356177 -17924.054679  0.581787 0.137401 13.288133
415936.493077 3837995.568628 -1363.452532  2.814255 0.256132 5.200291
420319.808559 3836918.552261 -311.770465  2.134979 0.139151 3.729087
416924.488498 3837815.130289 -634.638910  2.882881 0.233666 4.633861
419350.213271 3839290.432650 -14359.229680  0.668501 0.134473 11.373589
419369.497818 3837207.423673 -326.829428  2.343352 0.164043 4.004366
419864.187943 3837108.915070 -638.599893  2.299973 0.150528 3.744535
421890.096366 3839137.708192 -17950.367972  0.059563 0.102030 59.724225
420108.100530 3837144.428805 -1355.369424  2.588937 0.147593 3.262857
421784.164863 3836617.482099 -1392.235438  2.848209 0.107872 2.168963
420811.400646 3836812.920434 -629.619940  2.295604 0.128814 3.211700
425146.307117 3835676.889548 -1803.850557  2.572585 0.055643 1.239070
423176.346859 3836001.123439 -317.952849  2.870490 0.076337 1.523350
423667.078247 3835898.256618 -636.031357  2.835638 0.069738 1.408808
424625.769098 3835626.507250 -636.289721  2.524134 0.057183 1.297794
425895.904920 3835675.285077 -2764.021000  2.469410 0.052618 1.220674
426699.230555 3837877.851138 -17939.317277  0.001441 0.050541 88.367028
429028.786559 3834743.537609 -316.856817  2.642800 0.031059 0.673322
423692.184937 3836005.411521 -1379.541669  2.920358 0.073165 1.435154
432857.700145 3835503.097471 -16144.824140  0.000000 -0.019495 -90.000000
428934.800356 3836756.194319 -14426.810013  0.000000 0.023529 89.999999
428562.538934 3834941.402026 -633.853233  2.732470 0.032980 0.691504
429945.868687 3834335.070377 -317.366724  1.766088 0.025956 0.842007
430410.412907 3834141.296208 -635.189197  1.429697 0.022110 0.885990
431285.747681 3833658.265110 -636.105992  1.100278 0.014127 0.735612
432216.089560 3833320.521752 -1357.414153  1.765492 0.001583 0.051368
432175.176364 3833222.398301 -637.040425  1.415598 0.004056 0.164183
436488.360090 3832008.176142 -317.412350  0.761721 -0.067806 -5.086912
431335.447616 3833751.989402 -1354.613310  1.503052 0.011746 0.447746
435063.110967 3832499.318473 -634.450988  1.659175 -0.039155 -1.351881
436553.726799 3832216.270704 -1795.153326  1.932636 -0.067367 -1.996386
438357.708184 3833508.153246 -14469.196763  0.253649 -0.076071 -16.694290
437424.628195 3831651.825339 -317.553522  1.002449 -0.087684 -4.998939
440821.175320 3833323.034311 -17945.845114  0.271508 -0.102799 -20.737817
438875.487187 3831244.310512 -1379.596749  1.605364 -0.111721 -3.980913
437906.708588 3831510.101511 -635.243071  1.242966 -0.096666 -4.446946
439771.390696 3830799.671434 -635.826236  1.234660 -0.127730 -5.906430
438835.708034 3831141.893382 -635.523832  1.329770 -0.113435 -4.875757
443130.455349 3832346.202469 -14323.094717  1.189787 -0.129943 -6.232861
443170.168861 3830167.416744 -317.931482  1.943188 -0.161836 -4.760813
445173.327264 3830141.345477 -317.167400  2.493646 -0.173580 -3.981874
445712.172547 3832566.760381 -17907.657646  0.502111 -0.150894 -16.726576
444678.981285 3830321.594064 -1348.736793  2.592288 -0.169449 -3.739899
449059.590716 3829194.614138 -317.660274  2.262749 -0.192653 -4.866493
448100.199318 3831583.948675 -14358.818288  0.343376 -0.174114 -26.887993
445678.381845 3830135.741973 -634.481329  2.510992 -0.175857 -4.006173
448113.151292 3829524.962072 -317.567667  2.111005 -0.187736 -5.082071
448603.763017 3829409.782825 -635.227941  2.253387 -0.190176 -4.824084
450475.169248 3831380.078325 -18022.008587  0.000000 -0.190120 -90.000000
452724.972687 3827582.101242 -317.952492  3.040673 -0.213495 -4.016321
447675.724211 3829817.603360 -1348.412000  2.416878 -0.184884 -4.374430
449544.147112 3829057.363721 -635.402853  2.360885 -0.195130 -4.724814
452464.384057 3829978.691590 -14396.272939  0.000000 -0.207112 -90.000000
451819.315726 3828007.689418 -317.881323  2.740538 -0.207783 -4.335772
452292.281030 3827837.804138 -635.833816  2.938744 -0.210615 -4.099296
455320.685706 3826591.346245 -1404.005256  3.089115 -0.228890 -4.237626
453247.379487 3827507.184180 -1362.899634  3.347147 -0.216304 -3.697505
453631.346617 3827159.319645 -323.579697  3.146562 -0.219766 -3.995230
455031.846006 3829415.252269 -17916.280310  0.000000 -0.226732 -90.000000
452338.237850 3827936.061075 -1370.537840  3.096336 -0.210673 -3.892376
454105.549583 3826995.101001 -647.927487  3.036361 -0.222848 -4.197581
457176.428512 3828018.966339 -14323.256715  0.019224 -0.245181 -85.516811
456395.582906 3826004.475203 -332.608141  2.280189 -0.233342 -5.842984
458549.426660 3825594.153756 -1826.152227  2.610146 -0.241663 -5.289700
457343.267092 3825692.478538 -332.603082  1.539094 -0.235253 -8.690472
458320.786925 3825421.501924 -344.982492  0.776815 -0.237423 -16.995067
459754.282273 3827781.779965 -17931.327627  0.000000 -0.263413 -90.000000
462196.861128 3824495.357547 -318.149440  3.636632 -0.265629 -4.177609
457180.657888 3825915.567672 -1427.403077  2.617816 -0.235693 -5.144702
467069.992352 3826457.812696 -16608.661934  0.382414 -0.308841 -38.924646
458824.994489 3825341.859394 -655.206948  0.606229 -0.239663 -21.570564
461274.361235 3824940.020657 -1762.966155  3.700194 -0.259658 -4.014110
462087.466096 3826653.191337 -14327.476438  0.206118 -0.279663 -53.608934
461224.390388 3824732.703550 -318.013007  3.464663 -0.256626 -4.236140
465858.458269 3824327.299212 -3139.957775  3.459755 -0.299564 -4.948624
461722.005755 3824660.942021 -636.162447  3.665212 -0.261469 -4.080454
462693.140997 3824421.461028 -636.542523  3.604445 -0.270277 -4.288257
463665.203960 3824199.387746 -637.032578  3.350512 -0.278747 -4.755795
462717.648265 3824522.781911 -1342.742300  3.740498 -0.271046 -4.144561
464643.678891 3824028.472108 -637.538999  3.059825 -0.287000 -5.358445
465635.998100 3824049.338255 -1352.854269  3.121854 -0.296216 -5.420254
474661.078443 3825506.193776 -14605.329875  0.483944 -0.332616 -34.500824
476539.045737 3824101.572959 -6987.382662  2.571955 -0.353608 -7.828297
475578.017301 3824325.651621 -8214.029320  2.427537 -0.348058 -8.159413
469100.042842 3824359.179671 -1756.809765  3.125777 -0.326590 -5.964781
476889.888033 3823505.319988 -3140.348289  2.089490 -0.369967 -10.040779
472592.099789 3823754.393756 -637.148252  3.266944 -0.361883 -6.320954
474409.888636 3823872.760476 -4429.449232  3.081615 -0.359084 -6.646398
474630.453339 3823319.173151 -1240.364329  2.446269 -0.373107 -8.671970
474523.373460 3823243.708367 -596.580519  2.421264 -0.374889 -8.801330
476690.068852 3823112.451087 -777.948454  0.560494 -0.381706 -34.255535
473553.715444 3823488.369510 -634.668162  3.046532 -0.369229 -6.910344
475214.792530 3823603.111478 -3695.209553  2.697200 -0.364732 -7.701169
476997.294863 3823277.505771 -1591.688011  1.187945 -0.377814 -17.642732
475550.970527 3823096.519409 -684.041867  1.676995 -0.378271 -12.711179
371095.896469 3845908.504305 -1377.505495  1.153534 -0.289443 -14.085783
371092.426593 3845799.530453 -642.496973  0.955232 -0.288872 -16.825862
414929.189788 3837956.901416 -636.811169  2.331786 0.285313 6.975935
425594.885124 3835406.031799 -636.519514  2.164552 0.048100 1.272999
427572.251821 3835135.833432 -634.772137  2.442985 0.037038 0.868590
425620.528436 3835512.830001 -1379.745339  2.413915 0.050608 1.201031
373078.724624 3845663.836557 -647.077018  1.372839 -0.407721 -16.540962
433134.499514 3833010.248219 -1357.245216  2.176104 -0.010318 -0.271675
434080.463883 3832707.115987 -635.319490  2.124078 -0.022530 -0.607720
378066.256102 3845871.053851 -1358.293100  2.390023 -0.646643 -15.139440
378074.678047 3845764.650847 -636.687898  2.352216 -0.659283 -15.657203
443169.350344 3830380.177951 -1759.846684  2.246873 -0.159013 -4.048119
443670.043948 3830219.408233 -635.316347  2.200817 -0.164676 -4.279177
384060.203984 3845270.263598 -636.815030  3.224496 -0.683281 -11.964169
388015.970348 3845039.456859 -1350.628948  2.974881 -0.515785 -9.836158
388008.976782 3844933.703155 -636.721649  2.297265 -0.521793 -12.796849
394001.318117 3844485.111717 -636.326757  1.335684 -0.234327 -9.950472
441690.149187 3830310.991594 -636.515721  1.298207 -0.149704 -6.578075
444284.791415 3830518.790380 -2629.751367  2.671538 -0.165404 -3.542845
433107.333554 3832907.467255 -636.868684  1.990323 -0.008081 -0.232642
434106.950585 3832811.348587 -1361.298137  2.331978 -0.024430 -0.600210
397927.415618 3843693.638506 -636.527594  0.827828 -0.085526 -5.898528
402764.529171 3842391.376080 -635.833087  3.413614 0.136032 2.282025
406464.625139 3840867.438729 -636.119407  2.744159 0.283240 5.892949
466613.272103 3824067.859711 -1349.709464  3.093341 -0.304557 -5.622972
466620.223619 3823962.945665 -637.520870  2.704135 -0.304076 -6.415869
412041.874813 3838658.463007 -636.305320  1.872043 0.337870 10.230709
417916.734479 3837639.050857 -634.944528  2.884895 0.206547 4.095155
465629.761942 3823943.828068 -637.814216  2.800834 -0.295517 -6.023016
421763.062558 3836506.840320 -635.731523  2.613163 0.105598 2.314069
426592.688251 3835362.234849 -1372.233583  2.305107 0.043591 1.083363
426577.488648 3835254.592247 -636.084023  2.057487 0.041778 1.163265
431397.070988 3836465.243855 -18038.430008  0.000000 0.000254 89.999993
436707.836975 3833943.165087 -13384.423208  0.336398 -0.059450 -10.022180
428594.683135 3835042.062463 -1349.105852  2.473554 0.032587 0.754776
434612.505061 3832773.202903 -1761.053650  2.361505 -0.033254 -0.806769
436029.108640 3832216.822293 -634.655625  1.130033 -0.057782 -2.927166
440721.729955 3830512.256138 -636.176255  1.137066 -0.139619 -7.000243
439810.851279 3830899.406992 -1361.275620  1.511982 -0.125723 -4.753256
446671.031434 3829963.844441 -634.771246  2.318254 -0.180646 -4.455669
450469.982130 3828670.745822 -635.556302  2.422736 -0.200094 -4.721349
455019.526468 3826594.073823 -648.833786  2.515335 -0.228668 -5.194465
459780.788280 3825112.696186 -628.293001  1.257124 -0.244506 -11.006399
464635.439137 3826786.908216 -17934.132224  0.000198 -0.295612 -89.961603
473106.104755 3825102.448287 -10477.596058  1.849687 -0.335340 -10.275846
461752.583857 3824762.019804 -1350.525465  3.803398 -0.262871 -3.953692
472966.836162 3823964.371596 -2678.484089  3.543043 -0.358466 -5.777212
470622.537018 3824165.627101 -635.687725  2.349642 -0.343091 -8.307523
468609.056296 3824155.574176 -636.336164  2.367233 -0.322434 -7.756367
474153.138757 3826173.900491 -18261.332302  0.000000 -0.329550 -89.999994
472149.026786 3825880.386470 -14717.217336  0.562818 -0.327572 -30.200305
469614.274328 3824212.833034 -635.735692  1.964832 -0.332538 -9.606001
468951.158390 3825998.378372 -13198.996377  0.984270 -0.317977 -17.903476
473703.460704 3824343.668408 -6389.966816  3.154598 -0.349305 -6.318551
467612.427507 3824052.461914 -636.926871  2.702614 -0.312959 -6.605349
467599.070521 3824158.236371 -1358.615254  3.111476 -0.313188 -5.747793
471680.882240 3826339.595663 -16935.862012  0.267207 -0.325494 -50.616471
468602.331829 3824261.455052 -1354.844759  2.992445 -0.322352 -6.148310
476279.511456 3824552.357207 -9739.066380  1.983557 -0.344251 -9.845744
471202.901031 3824380.016247 -2634.804032  3.834840 -0.345515 -5.148382
471617.157960 3823998.061808 -636.348787  2.996397 -0.353109 -6.721000
476739.750616 3823767.335547 -4870.421598  2.548857 -0.362179 -8.087279
472614.453600 3823859.120834 -1360.881235  3.438455 -0.359927 -5.975778
476480.932386 3823322.399524 -2203.638395  1.710097 -0.374328 -12.346910
476267.416227 3823581.666200 -3892.322321  2.422144 -0.365985 -8.592379
473594.113528 3823589.381148 -1366.174756  3.109676 -0.366853 -6.728178
471099.020175 3825860.113352 -13225.776209  0.937344 -0.325666 -19.159006
464656.908801 3824133.631715 -1355.836991  3.263636 -0.287364 -5.031938
363684.668992 3848874.339874 -4619.663575  0.325780 -0.001698 -0.298704
362455.100361 3849028.100624 -2375.232351  0.035309 0.066773 62.130087
475619.075086 3823298.943010 -2033.682649  2.073300 -0.373085 -10.201053
470639.289041 3824270.302205 -1353.944901  3.113696 -0.342292 -6.273400
474227.670884 3823605.478020 -2518.250092  2.904504 -0.366335 -7.188552
474975.407036 3823503.308753 -2773.279775  2.620461 -0.367747 -7.988534
468455.185837 3825676.906234 -11280.313268  1.431359 -0.317053 -12.489650
471638.966387 3824101.551969 -1352.268125  3.400202 -0.351836 -5.907657
469608.258998 3824319.145629 -1356.021411  2.887121 -0.331937 -6.558592
470127.455137 3824369.341319 -1756.263135  3.224139 -0.336930 -5.965891
467041.669126 3826121.439093 -14363.237426  0.665805 -0.309619 -24.939806
463269.041591 3824582.741232 -2599.658948  3.709976 -0.277646 -4.279899
469908.946973 3825537.051855 -10170.155964  1.886530 -0.323754 -9.737881
463684.587180 3824302.745982 -1349.561908  3.485243 -0.279167 -4.579606
468094.221699 3824270.815710 -1758.517691  3.201117 -0.318061 -5.674256
466996.763582 3824288.089520 -2635.246300  3.443126 -0.307955 -5.110965
467099.563913 3824166.220309 -1752.483135  3.207835 -0.308690 -5.496653
430465.614268 3834232.255657 -1355.034971  1.658265 0.019943 0.689020
440607.449837 3830939.475003 -3150.228248  2.082924 -0.130080 -3.573528
435086.597413 3832602.675745 -1352.318279  2.127911 -0.040159 -1.081199
422749.772268 3836300.357782 -1369.657717  2.973368 0.088368 1.702326
474172.487492 3823493.217222 -1691.191617  2.818696 -0.369197 -7.462210
471153.678985 3824256.848235 -1752.143997  3.440750 -0.346794 -5.755416
473125.439127 3823781.193779 -1774.006526  3.360418 -0.362540 -6.157561
472304.039246 3824139.389338 -2662.896833  3.707082 -0.354547 -5.463175
472139.949150 3824044.792264 -1758.033624  3.524676 -0.355682 -5.762316
471724.918178 3825510.817110 -11195.664687  1.585555 -0.329820 -11.750844
470085.570675 3824505.341908 -2667.630538  3.766865 -0.336165 -5.099711
474693.379380 3823978.902692 -5543.980276  3.001608 -0.355802 -6.760140
473490.693955 3823884.819761 -3097.710794  3.389852 -0.360053 -6.062945
474019.670551 3824483.767420 -7860.473072  2.731717 -0.345544 -7.209244
472471.419355 3824400.322436 -4750.775550  3.767746 -0.348638 -5.286657
468167.111558 3824411.280952 -2651.984975  3.538607 -0.319333 -5.156549
463910.925399 3824453.024111 -2611.757163  3.601200 -0.281977 -4.477178
466124.601874 3824104.805415 -1746.143358  3.190853 -0.300958 -5.388131
464178.288489 3824267.552922 -1749.466818  3.420367 -0.283034 -4.730423
464385.489396 3824453.295925 -3122.776231  3.557926 -0.286239 -4.599601
465151.613149 3824137.172707 -1752.237550  3.250906 -0.291995 -5.132505
459075.052208 3825391.855296 -1374.184830  1.914735 -0.242753 -7.225508
463212.376182 3824464.994120 -1737.122190  3.646662 -0.275663 -4.322953
460394.641629 3825622.587901 -4921.248889  4.284213 -0.259531 -3.466654
462251.946497 3824697.756213 -1738.712235  3.852974 -0.267022 -3.964422
460927.803778 3825234.364643 -3172.419608  4.031488 -0.260222 -3.693176
459559.498558 3825552.039049 -3181.564592  4.040540 -0.251332 -3.559360
460767.107648 3824998.815262 -1366.671682  3.320076 -0.254795 -4.388495
455936.416822 3826344.531316 -1412.265607  2.947431 -0.231287 -4.486845
460194.056268 3825190.996651 -1767.636556  2.997274 -0.250822 -4.783555
465427.548371 3825831.567126 -12829.025163  0.802278 -0.300680 -20.545154
458699.077577 3825689.524702 -2700.236744  3.676858 -0.244886 -3.810389
457830.519430 3825721.038820 -1439.777428  2.301012 -0.237568 -5.894608
454187.541835 3827082.922351 -1418.488108  3.397628 -0.222070 -3.739554
460310.825882 3826304.444028 -9304.422660  2.138482 -0.266186 -7.095361
454149.823968 3827395.970295 -3213.782633  3.866411 -0.220958 -3.270780
456685.430930 3826153.126998 -1849.971465  3.151371 -0.234546 -4.256484
460390.173684 3826823.479800 -12852.280566  0.443388 -0.267800 -31.131369
456853.161245 3826238.152729 -2767.592516  3.966717 -0.235961 -3.404235
451427.407359 3828358.911740 -1360.596000  2.800884 -0.205240 -4.190964
454925.469235 3826833.004637 -1850.079881  3.454389 -0.226660 -3.754091
449579.055484 3829157.780609 -1354.787030  2.550951 -0.195114 -4.373865
453762.919960 3827341.553280 -1815.507763  3.474998 -0.219162 -3.608768
448638.153146 3829509.414350 -1348.937425  2.471301 -0.190135 -4.399519
450671.173388 3829934.196485 -9122.335385  1.433094 -0.197620 -7.851444
452820.510598 3827774.770463 -1774.023961  3.297713 -0.213695 -3.707635
451745.659885 3828426.148482 -2680.086498  3.077515 -0.206750 -3.843402
450606.026206 3829013.760083 -3155.565960  2.862208 -0.200178 -4.000661
451908.035736 3828204.097945 -1777.486302  2.981435 -0.207728 -3.985574
449391.810320 3829432.688106 -2640.082629  2.718452 -0.193717 -4.076003
450995.367721 3828621.707936 -1770.810148  2.760553 -0.202878 -4.203216
455475.754154 3828370.974225 -12786.713116  0.198728 -0.232083 -49.427296
453580.705542 3827572.741874 -2710.890233  3.660500 -0.217854 -3.405929
450068.869901 3829023.145157 -1765.222227  2.634132 -0.197442 -4.286598
445695.311460 3830240.238723 -1351.336376  2.621736 -0.174971 -3.818175
450145.139456 3830534.452013 -11750.338411  0.489295 -0.191952 -21.420260
449128.889217 3829394.662551 -1750.753934  2.570126 -0.192835 -4.290837
447446.348325 3830133.612178 -3094.198862  2.700233 -0.182241 -3.861091
448176.812280 3829725.760332 -1744.664167  2.501462 -0.187403 -4.284437
446286.045087 3831100.118585 -7958.640797  2.275321 -0.170577 -4.287343
442678.049585 3830327.734211 -1355.287892  2.005877 -0.156231 -4.453597
447201.329470 3830007.159758 -1743.968600  2.510570 -0.182019 -4.146749
450266.021451 3830762.819573 -13490.765683  0.158041 -0.191259 -50.432429
441707.560457 3830415.909775 -1356.982465  1.664613 -0.147882 -5.076759
446281.359845 3830337.544798 -2607.920097  2.699498 -0.177251 -3.756700
448927.884419 3829676.151237 -3123.569514  2.717449 -0.190934 -4.019131
445195.124884 3830351.165966 -1748.206974  2.657987 -0.171656 -3.695091
440747.611319 3830615.597850 -1357.804897  1.492356 -0.137300 -5.256533
444971.762385 3830491.536365 -2623.716203  2.728189 -0.169194 -3.548766
446208.198568 3830221.621635 -1747.293243  2.607671 -0.177472 -3.893414
444171.033576 3830389.165184 -1754.459604  2.543856 -0.166154 -3.737004
443087.306917 3830509.797739 -2643.950011  2.395502 -0.155963 -3.725081
443665.656770 3830326.070641 -1358.206558  2.363807 -0.163216 -3.949876
437945.891024 3831611.723308 -1372.640451  1.640838 -0.095637 -3.335728
438991.383782 3831492.799384 -3211.406266  2.157183 -0.108392 -2.876521
441237.728034 3830561.164355 -1760.279687  1.672284 -0.142035 -4.854765
442197.264952 3830416.380713 -1757.823154  1.928838 -0.152020 -4.506403
435473.946437 3832697.159783 -2651.094769  2.616574 -0.045697 -1.000544
437013.521126 3831979.935714 -1378.121674  1.659076 -0.077567 -2.676795
439365.471190 3831123.817373 -1787.356583  1.647224 -0.118750 -4.123361
440296.379361 3830805.343315 -1765.069979  1.587550 -0.130474 -4.698351
440128.772900 3830999.653056 -2660.156400  1.936697 -0.125473 -3.706849
446440.833372 3831779.433155 -12776.557662  1.071270 -0.161293 -8.562295
438403.270267 3831645.712861 -2735.725270  2.125885 -0.099104 -2.669073
444702.207613 3831983.196149 -12816.997564  1.400390 -0.146659 -5.978636
438432.830251 3831484.822028 -1799.159846  1.740146 -0.102920 -3.384791
436604.385114 3832347.191204 -2745.478208  2.497558 -0.066361 -1.522001
435585.808297 3832531.073725 -1769.695741  2.154965 -0.048226 -1.282001
437782.814553 3831892.453687 -2734.808155  2.225409 -0.090133 -2.319313
437502.856513 3831855.988269 -1798.106703  1.787988 -0.087263 -2.794105
441327.991992 3832305.566374 -12803.832338  1.208260 -0.112384 -5.313988
432797.136762 3833590.956505 -4217.791990  2.323353 -0.010342 -0.255038
434438.084995 3834949.184893 -16123.378960  0.028115 -0.033180 -49.723805
433645.986847 3833094.383274 -2668.976247  2.512111 -0.018170 -0.414415
429424.955519 3835010.840404 -3163.413053  1.856802 0.026246 0.809819
433633.270169 3832960.944895 -1764.466957  2.344836 -0.017494 -0.427453
429550.148402 3834696.246050 -1358.229054  2.122993 0.027177 0.733427
433017.736489 3833257.710211 -2663.371328  2.368796 -0.011163 -0.270014
432688.254678 3833203.344190 -1759.507166  2.066387 -0.005469 -0.151654
431823.168357 3833712.789388 -2645.197413  1.903615 0.005317 0.160030
431797.165125 3833579.009140 -1757.164565  1.695959 0.006481 0.218937
430931.326135 3834041.908057 -1756.175566  1.624631 0.014863 0.524147
428110.148518 3835217.881741 -1769.294774  2.402379 0.034847 0.831029
430039.092788 3834526.171738 -1761.218012  1.881058 0.023158 0.705349
428911.268285 3835139.492729 -2648.274448  2.069046 0.030262 0.837965
429098.953501 3834944.339958 -1756.114950  2.261974 0.029985 0.759478
428251.212573 3835323.320853 -2661.314672  2.164806 0.033813 0.894846
427100.126091 3835365.577254 -1790.971021  2.360164 0.040813 0.990693
432147.900487 3835465.202198 -13826.136147  0.018256 -0.007564 -22.505623
424151.428621 3837940.611470 -14402.422701  0.107313 0.083039 37.732891
430845.133124 3834327.409447 -3156.553366  1.782410 0.013279 0.426836
426117.874674 3835489.979738 -1797.683687  2.395737 0.047949 1.146579
420736.918566 3836947.651794 -1346.389471  2.604871 0.133262 2.928636
423546.772153 3836516.049351 -4382.510831  2.614781 0.083254 1.823668
424647.839979 3835734.061655 -1378.703241  2.677872 0.060136 1.286444
422044.872628 3837805.404017 -9590.926617  1.174451 0.113169 5.503996
424179.904869 3835926.961407 -1804.002341  2.831574 0.067458 1.364729
423067.433000 3836413.581247 -2751.417958  2.982352 0.088203 1.694031
418985.338280 3837477.195193 -1373.774734  2.727951 0.178047 3.734266
423236.872422 3836210.731121 -1795.285982  2.983776 0.081909 1.572460
422280.812982 3836520.460333 -1808.208784  2.961056 0.098116 1.897833
427339.607456 3836946.900431 -12809.403897  0.071041 0.044534 32.082669
421193.720802 3837025.175654 -2789.881601  2.960804 0.126726 2.450830
424729.657034 3836005.985147 -3276.163744  2.670156 0.065437 1.403850
416934.321521 3837921.040921 -1355.543439  2.916505 0.231484 4.538080
421219.291673 3836861.927837 -1791.122923  2.800230 0.122691 2.508793
414943.056546 3838063.197498 -1363.013300  2.589983 0.281262 6.197817
419698.799269 3837331.067291 -1772.830105  2.718005 0.158241 3.331973
417561.446713 3838979.475959 -9314.160174  2.033767 0.177234 4.980503
413970.854321 3838216.247535 -1358.605143  2.321561 0.302065 7.413281
418505.625961 3837667.610476 -1780.004024  2.829309 0.190436 3.850672
422473.814959 3838194.219527 -12978.868080  0.413918 0.105175 14.256931
413016.280042 3838454.990119 -1354.243469  2.156281 0.317451 8.375010
412077.071937 3838758.729603 -1355.970675  2.311495 0.329329 8.108604
417451.492649 3837905.278647 -1771.193614  2.923861 0.218795 4.279511
416213.533107 3838235.937950 -3160.434760  2.993151 0.240395 4.591861
416442.884783 3838027.618319 -1766.009181  2.903185 0.241681 4.758725
414933.972595 3839548.150678 -10941.447942  1.728620 0.192311 6.348108
411146.996348 3839106.669239 -1356.024859  2.674615 0.336688 7.174814
415448.160863 3838081.680110 -1772.246120  2.773298 0.267040 5.500043
410221.451549 3839479.859342 -1355.626025  2.907021 0.337673 6.625649
413123.342424 3839474.827505 -8051.179848  2.237769 0.228598 5.832781
414464.768798 3838186.795211 -1766.480025  2.538335 0.291369 6.548180
413525.000932 3838510.363567 -2621.132402  2.644914 0.300402 6.479730
412900.009957 3838690.552998 -2618.983152  2.643969 0.306793 6.618722
413504.089335 3838384.111626 -1757.852814  2.349405 0.308001 7.468733
408366.817192 3840233.375411 -1356.416627  2.749309 0.319862 6.636108
412562.017908 3838656.693992 -1755.581575  2.337099 0.320496 7.808511
417618.699409 3839478.589119 -12805.751560  1.185909 0.157393 7.560060
411647.798074 3839116.357377 -2634.347612  2.735148 0.320141 6.675930
411631.467914 3838984.042741 -1757.684350  2.567515 0.330645 7.338166
406504.288762 3840966.399127 -1357.854897  2.623886 0.275155 5.986470
410705.686493 3839346.510670 -1757.617799  2.810906 0.334430 6.784915
405575.592873 3841336.357505 -1359.022182  2.565091 0.242413 5.398686
409803.552742 3839856.854341 -2640.288394  2.746498 0.318288 6.610442
409781.187743 3839724.823597 -1756.131472  2.889329 0.331966 6.554194
407227.882556 3841832.452449 -8607.146415  0.631446 0.173495 15.363388
403733.280333 3842105.201052 -1362.209028  2.998700 0.174527 3.330917
407922.973712 3840472.817035 -1759.217201  2.654521 0.306935 6.595661
407945.485194 3840604.565660 -2645.431826  2.488117 0.292002 6.693529
408854.213147 3840102.360273 -1756.957555  2.799557 0.323944 6.600484
412696.952489 3840378.483021 -12812.023379  0.980520 0.177597 10.266424
406887.903736 3841102.402219 -3163.534020  2.266866 0.261158 6.571881
410569.385114 3839622.586598 -3116.540405  2.723857 0.313533 6.566208
406991.340462 3840838.758600 -1760.481222  2.598200 0.286808 6.299219
401853.154042 3842843.156910 -1355.655068  3.282175 0.086799 1.514870
406517.039890 3842790.111078 -12829.225369  0.152472 0.111321 36.133586
406061.793218 3841205.884721 -1762.596533  2.548274 0.256114 5.739226
404278.062466 3842621.802844 -6015.976285  1.565531 0.134128 4.896883
405137.265550 3841578.568863 -1760.357690  2.611563 0.221436 4.846554
403649.588016 3842346.328987 -2655.961133  2.846941 0.159834 3.213354
401226.351634 3843237.040378 -2643.923546  3.081524 0.050994 0.948055
404217.900508 3841963.483519 -1763.631796  2.824807 0.190028 3.848563
402962.677156 3843666.516857 -9303.382398  1.052021 0.059356 3.229255
403293.348145 3842356.393199 -1772.189038  3.095706 0.155157 2.869270
408056.074067 3842176.336848 -12839.629113  0.173030 0.137883 38.550369
402409.223467 3842850.626628 -2669.441543  3.073634 0.102828 1.916107
406112.346168 3841331.878168 -2682.120553  2.376075 0.243722 5.856538
402349.883220 3842730.346754 -1765.995957  3.259502 0.108721 1.910392
397942.766000 3843798.582600 -1353.411642  1.968878 -0.086097 -2.503900
396970.644391 3844003.882547 -1353.926386  2.593178 -0.119269 -2.633368
400894.024598 3843135.302695 -1349.930939  2.941935 0.043848 0.853901
398174.193961 3844834.909670 -8536.263487  2.046250 -0.087156 -2.438938
395004.749188 3844411.162222 -1368.816876  2.881445 -0.196831 -3.907793
399440.470351 3843554.169680 -1810.655214  2.456172 -0.022916 -0.534549
398574.402293 3843944.397295 -3185.461020  3.001429 -0.063367 -1.209460
400439.838844 3843318.680062 -1772.727506  2.822497 0.023856 0.484264
403449.762702 3844048.800156 -12887.487570  0.516006 0.039424 4.369086
398116.663256 3843956.910669 -2640.228049  2.877748 -0.081504 -1.622300
401901.992581 3844586.058233 -12877.855542  0.780414 0.002089 0.153403
398432.542800 3843761.253296 -1780.553550  2.226797 -0.069152 -1.778706
393024.556959 3844748.365602 -1360.351167  2.405817 -0.280578 -6.652062
397163.333471 3845690.616525 -12814.641334  1.053627 -0.133059 -7.197562
397465.624270 3843959.066771 -1752.571362  2.488944 -0.102856 -2.366418
392026.098781 3844877.258111 -1354.877806  2.797504 -0.326204 -6.650956
396498.489965 3844164.973292 -1758.004469  3.023218 -0.134699 -2.551116
394766.721304 3844720.942288 -3164.780807  3.347741 -0.211513 -3.615184
394237.907935 3844745.578787 -2662.839055  3.165066 -0.231156 -4.177090
395513.934098 3844371.169663 -1773.001774  3.186918 -0.176171 -3.164050
390019.417208 3845035.489177 -1352.597505  2.926184 -0.421860 -8.203658
394521.579109 3844563.334343 -1774.718826  2.773277 -0.219591 -4.527301
398752.532900 3845354.890965 -12804.571995  1.099456 -0.086924 -4.520467
397475.966065 3844086.634204 -2612.215484  2.967134 -0.102800 -1.984293
393576.808859 3844857.543362 -2654.446995  3.071115 -0.253633 -4.721154
393530.707994 3844732.041089 -1766.309180  2.564887 -0.257791 -5.739400
392531.703224 3844875.827331 -1760.784632  2.765198 -0.305831 -6.311257
391568.490244 3845113.342481 -2615.873146  3.191053 -0.341465 -6.107806
387029.323242 3845025.809407 -1387.263050  3.312593 -0.559601 -9.588527
391530.994380 3844988.873365 -1753.197653  2.971488 -0.348025 -6.680136
389621.314127 3845704.494475 -5846.440439  2.783779 -0.416515 -8.509597
385039.807230 3845177.888793 -1358.333714  3.658806 -0.642181 -9.954961
389516.397090 3845109.664637 -1750.331388  3.069782 -0.443116 -8.213785
388878.862976 3845310.538431 -3118.977494  3.395992 -0.464380 -7.786539
390526.353706 3845068.444773 -1750.956046  3.032260 -0.399441 -7.504387
393917.516934 3846300.893333 -12770.554592  0.595166 -0.239487 -21.919218
388330.232178 3845236.415085 -2641.406084  3.411707 -0.492921 -8.221165
392236.383145 3845038.385176 -2623.455761  3.149723 -0.316316 -5.734790
384079.241233 3845375.259775 -1358.887306  3.490939 -0.670164 -10.867004
388516.932598 3845109.525635 -1747.966660  3.100266 -0.492720 -9.030400
387374.471011 3846767.493987 -12941.656458  0.135772 -0.407685 -71.580555
383093.952068 3845575.276462 -1346.779710  3.105572 -0.690832 -12.541202
387535.132919 3845090.062169 -1776.142702  3.259521 -0.533534 -9.296009
382098.902916 3845727.439695 -1354.533459  2.726891 -0.700855 -14.413964
385527.066970 3846213.174151 -8342.611798  1.950267 -0.500474 -14.392574
386524.593193 3845096.800131 -1821.290394  3.574175 -0.579532 -9.210021
384765.935716 3845430.142285 -2689.824280  3.846106 -0.629812 -9.299822
385518.166362 3845168.583383 -1792.228782  3.730058 -0.622386 -9.472928
383567.777267 3845676.558447 -2630.879146  3.624455 -0.662592 -10.359924
384562.030129 3845331.440239 -1761.311875  3.663648 -0.652053 -10.091783
389045.840858 3846737.371883 -12907.438027  0.062426 -0.375902 -80.570891
387681.977313 3845226.294349 -2669.249094  3.483362 -0.515282 -8.414547
380087.602325 3845874.025737 -1365.539003  2.649140 -0.693194 -14.663665
383596.761342 3845537.856859 -1750.782365  3.409069 -0.677230 -11.235830
382606.345779 3845716.655541 -1746.958015  3.078874 -0.691285 -12.654497
379010.497329 3847051.399492 -9352.167898  1.306360 -0.507329 -21.223827
377080.384393 3845842.790818 -1365.560199  2.222055 -0.610222 -15.356044
381602.220560 3845841.324699 -1759.542612  2.812065 -0.696467 -13.910578
380360.563142 3846056.184024 -2676.674433  2.893113 -0.669871 -13.036526
375072.622355 3845777.492997 -1371.931212  1.870238 -0.513045 -15.340068
379585.187006 3845945.752961 -1783.255577  2.662258 -0.680038 -14.329042
379082.842246 3846151.348623 -3182.469196  2.611653 -0.641257 -13.795308
380594.421136 3845914.497635 -1770.360850  2.704024 -0.692692 -14.368520
384085.576380 3847105.940697 -12826.035297  0.463502 -0.453976 -44.405109
378472.491835 3846074.128478 -2679.568505  2.467283 -0.634179 -14.414987
382426.876995 3845937.944919 -3141.587151  3.490872 -0.662866 -10.751632
378567.749040 3845942.364865 -1775.827338  2.485632 -0.655647 -14.776613
373090.756530 3845773.121321 -1389.356240  1.489434 -0.404233 -15.184320
377498.319007 3847548.250077 -12843.287370  0.231654 -0.421816 -61.225183
377573.664450 3845917.792565 -1764.554645  2.316643 -0.626791 -15.139478
372086.887641 3845819.019041 -1394.259659  1.302498 -0.346401 -14.893134
375786.043748 3846068.979085 -3187.563921  1.957275 -0.524691 -15.006575
376578.221623 3845886.678688 -1782.140103  2.132754 -0.583031 -15.289399
370127.238814 3846053.906957 -1364.570153  1.083381 -0.234796 -12.228350
370894.883198 3848035.931345 -14494.346417  0.144681 -0.270142 -61.827617
375569.797780 3845852.463793 -1784.467154  1.955820 -0.532731 -15.236724
374573.537927 3845827.690739 -1782.172448  1.794068 -0.485982 -15.156707
373925.964923 3846961.375916 -9420.246850  0.742302 -0.379435 -27.074296
379139.545573 3847559.069602 -12819.076037  0.348601 -0.445783 -51.974662
373867.479769 3846036.175462 -3191.770208  1.721151 -0.433973 -14.151654
377333.091825 3846118.449303 -3185.274136  2.223202 -0.592469 -14.922162
372593.954611 3845853.011100 -1812.877725  1.438241 -0.376413 -14.666362
372084.952530 3846096.941140 -3230.400151  1.512889 -0.341340 -12.714267
373588.317837 3845825.083856 -1797.672564  1.602327 -0.428105 -14.958704
366971.791136 3848910.758568 -13354.945811  0.291409 -0.191747 -33.344870
374171.916838 3847486.492765 -12944.301890  0.175112 -0.352196 -63.563400
368221.911066 3846539.594810 -1373.438414  0.904306 -0.131340 -8.263752
371589.671021 3845919.567550 -1804.667816  1.269557 -0.315642 -13.961988
367760.098818 3847467.666656 -6252.414363  1.160938 -0.150279 -7.375688
370613.606209 3846033.915711 -1780.710487  1.170921 -0.264775 -12.741760
363464.783658 3849142.005959 -5708.338195  0.328030 -0.019257 -3.359627
367124.943786 3847379.954934 -4251.411208  0.992509 -0.096494 -5.552998
369661.082922 3846209.622733 -1771.147456  1.109159 -0.207835 -10.613037
370358.382807 3846298.079498 -3182.032746  1.356245 -0.249780 -10.435240
369029.262092 3846507.870999 -2676.986608  1.187842 -0.180299 -8.630880
364449.805725 3848855.708865 -6542.680973  0.513534 -0.053375 -5.933868
364497.942220 3848019.773054 -1462.247764  0.175764 0.032959 10.620694
365947.830649 3847697.259718 -3302.326372  0.680916 -0.041700 -3.504516
363077.063830 3848873.166828 -3008.278175  0.133610 0.043042 17.856132
369034.123030 3848209.280623 -13421.954371  0.309231 -0.233258 -37.027927
365305.494098 3848867.648016 -8887.137014  0.600644 -0.112626 -10.620128
366745.976655 3847948.580801 -6857.921665  0.968938 -0.121144 -7.126581
365641.812153 3848271.668692 -6060.027507  0.754988 -0.072488 -5.484252
366607.702317 3847119.889836 -1366.827435  0.603536 -0.052438 -4.965649
368715.977380 3846452.457832 -1780.128602  1.027885 -0.160999 -8.901997
366239.879632 3847344.363693 -1836.039707  0.566707 -0.040707 -4.108515
366290.489272 3847721.701558 -4338.522081  0.837692 -0.067330 -4.595335
367697.400802 3846777.624275 -1766.117445  0.846952 -0.104131 -7.009229
364622.047361 3848429.594814 -4340.513882  0.485024 -0.015013 -1.772880
363858.787390 3848502.880736 -2749.495477  0.228608 0.032433 8.074810
365065.403335 3847846.145312 -1904.628782  0.312964 0.007678 1.405338
364602.873627 3848277.477467 -3344.142231  0.425034 0.000429 0.057820
363565.859485 3850461.231026 -14385.828378  0.050877 -0.157333 -72.080096
366432.113859 3849683.975169 -16825.991817  0.045113 -0.196277 -77.055831
367773.656535 3846897.138600 -2699.609698  0.987526 -0.112653 -6.507965
365232.336098 3847936.661540 -2913.967677  0.503012 -0.012972 -1.477294
473433.526212 3824052.299492 -4086.980157  3.424287 -0.356764 -5.947980
369582.621822 3847762.278758 -11512.080235  0.522530 -0.238041 -24.491877
366350.840720 3848855.928180 -11504.675907  0.459952 -0.169285 -20.206120
369654.297211 3846347.250473 -2667.932918  1.230746 -0.205475 -9.478227
366497.006283 3847373.577647 -2674.474991  0.733811 -0.057129 -4.451607
367246.238636 3847157.402507 -3143.865740  0.925358 -0.091636 -5.655447
371499.176312 3846064.653889 -2720.519607  1.397394 -0.306329 -12.364485
365594.168455 3848113.220728 -4946.535037  0.727404 -0.053838 -4.232935
368156.261404 3848049.797021 -10565.027879  0.696690 -0.200998 -16.093033
366688.288089 3848208.362006 -8341.299567  0.852710 -0.137842 -9.182500
368733.697351 3846848.679433 -4315.180061  1.300022 -0.175468 -7.686917
372470.488265 3847540.347741 -12974.098656  0.214925 -0.311508 -55.396264
368611.451510 3846714.522302 -3203.788673  1.179753 -0.161253 -7.783173
369556.197669 3846712.718571 -4828.227956  1.414270 -0.215569 -8.666577
374608.409192 3845959.961481 -2673.718290  1.839141 -0.483772 -14.737365
371353.448129 3847374.702339 -11124.664404  0.522176 -0.285456 -28.663930
370851.535913 3846140.460511 -2701.387618  1.350569 -0.277146 -11.596481
375271.983534 3845976.283153 -2675.756150  1.910796 -0.508887 -14.912976
372682.514209 3845985.846859 -2733.166426  1.564798 -0.380363 -13.662206
372079.052379 3846266.457520 -4372.221222  1.577341 -0.334191 -11.962350
376503.218944 3847241.366886 -10979.376347  0.479329 -0.421105 -41.300336
373345.220313 3845966.393989 -2720.084979  1.640589 -0.410074 -14.033846
378274.876655 3846394.986229 -4893.508641  2.223744 -0.579741 -14.612033
376592.052642 3846022.551771 -2698.174267  2.110132 -0.568251 -15.072009
381529.764412 3847179.202164 -10934.771186  1.022307 -0.493942 -25.788176
381628.528086 3845973.476520 -2666.413731  3.192508 -0.674744 -11.933966
377812.540862 3846057.577967 -2668.234418  2.347168 -0.617527 -14.740169
382459.322920 3847356.608847 -12791.574728  0.501950 -0.462360 -42.649051
379686.388185 3846077.993841 -2689.504543  2.768753 -0.663264 -13.471543
380883.183762 3846098.099615 -3172.585906  3.062021 -0.663283 -12.222349
385397.793520 3845325.453434 -2720.306689  3.855271 -0.614385 -9.054645
381843.847164 3846447.478898 -6072.958618  2.863520 -0.587050 -11.585674
382608.401794 3846072.094234 -4207.602355  3.525127 -0.630290 -10.137324
386417.827465 3846512.747371 -11060.359278  0.705293 -0.448936 -32.477732
386546.986396 3845238.946932 -2788.837681  3.727757 -0.564359 -8.608847
382908.012331 3845795.008943 -2627.140588  3.513542 -0.669223 -10.783935
384254.162745 3845612.663408 -3167.496492  3.810061 -0.635973 -9.476409
385915.095417 3845357.997072 -3292.301640  3.812407 -0.585978 -8.738144
390782.476953 3845240.581287 -3088.763804  3.294124 -0.381929 -6.613496
387310.213979 3845473.038380 -4377.069176  3.414885 -0.507749 -8.457184
387198.560839 3845304.188388 -3247.916728  3.607094 -0.532905 -8.403975
391286.975810 3846335.551095 -10823.503054  0.604290 -0.336430 -29.106256
385854.999511 3845540.845414 -4493.896158  3.615715 -0.562099 -8.836468
389570.907004 3845237.624022 -2623.701731  3.310382 -0.432652 -7.446099
392309.054299 3846523.446747 -12755.721368  0.332471 -0.286537 -40.756144
393943.488243 3845748.556970 -9073.844142  1.737118 -0.237393 -7.781785
390245.762903 3845210.255856 -2624.303586  3.289328 -0.406606 -7.046797
391586.809139 3845593.997820 -5916.787255  2.661501 -0.336915 -7.214601
396235.660631 3845595.600432 -10902.434403  1.371113 -0.166280 -6.914690
396378.479021 3844395.672380 -3126.327002  3.370926 -0.142545 -2.421404
392775.337745 3845036.425719 -3111.160110  3.197414 -0.293465 -5.244028
395559.577387 3844498.705286 -2680.845475  3.410338 -0.176282 -2.959018
400596.567508 3843414.505929 -2664.491979  3.028913 0.029761 0.562954
396835.041640 3844223.120657 -2617.688505  3.192517 -0.124090 -2.225911
400992.791617 3844556.433829 -10998.818853  1.201959 -0.015468 -0.737314
396575.372880 3844510.045066 -4158.716554  3.366409 -0.141206 -2.401899
399413.655269 3843701.371626 -2748.132524  2.901277 -0.023462 -0.463329
403219.509001 3842601.595422 -3151.189701  2.824666 0.136697 2.770605
400060.257367 3843624.010916 -3212.429117  3.003046 0.002924 0.055788
400151.156423 3843773.415201 -4336.792461  2.942174 0.001331 0.025918
405531.255585 3842887.410770 -10916.141863  0.365768 0.105701 16.118456
404879.422666 3841827.990044 -2643.970888  2.568939 0.201373 4.482118
401745.092663 3843147.582371 -3151.020095  3.036793 0.070102 1.322395
404267.123049 3842084.366430 -2647.247210  2.732500 0.182939 3.830190
408720.885401 3840371.062116 -3126.800080  2.482884 0.298589 6.857394
405368.302940 3841711.772133 -3162.159400  2.368810 0.211312 5.097643
405271.275064 3841925.141077 -4253.641148  1.965062 0.190839 5.546947
410183.558620 3841026.288866 -10942.051124  0.629530 0.184158 16.305879
407324.402485 3840848.768245 -2646.636326  2.419809 0.279911 6.598345
411113.854050 3840946.113640 -12813.397109  0.635657 0.171433 15.093281
412468.852278 3839864.064298 -9132.517318  1.836657 0.219762 6.823194
409185.769874 3840108.298354 -2641.126383  2.661949 0.312569 6.697074
410036.596282 3840289.803579 -5957.362157  1.820526 0.251211 7.856523
415465.087128 3838213.470912 -2670.318671  2.924710 0.260491 5.089651
414163.464732 3838380.234609 -2629.623573  2.741799 0.289420 6.025731
411031.255059 3839357.207181 -2634.375257  2.768483 0.321013 6.614063
412431.394147 3838924.903245 -3096.035514  2.738169 0.305946 6.375441
415980.140655 3839715.073629 -12818.974233  1.299788 0.168850 7.401602
418571.173071 3837794.284288 -2721.201608  2.915952 0.187951 3.687955
414658.678745 3838388.427698 -3124.229399  2.882577 0.275325 5.455970
414511.479793 3838562.245743 -4157.270527  2.969318 0.261336 5.029759
419850.374503 3837416.858785 -2621.741210  2.883835 0.158040 3.136795
418282.816972 3839068.537060 -10958.818449  1.451675 0.157894 6.207469
417375.096387 3838053.575605 -2670.281466  2.969407 0.219577 4.229128
419050.895333 3838185.654770 -6165.397758  2.537770 0.169908 3.830329
420872.713296 3838690.476290 -12950.937657  0.630691 0.123187 11.051937
417932.042889 3838019.038087 -3208.288681  2.951121 0.203526 3.945197
422428.355987 3836620.924930 -2764.411562  3.006990 0.097332 1.853945
419202.460624 3837689.660498 -3163.883423  2.912860 0.172749 3.393992
419496.975687 3837774.369964 -4275.282802  2.868511 0.164282 3.277797
425717.780039 3837268.326918 -12873.078621  0.146502 0.064373 23.720664
424159.803264 3836075.948337 -2735.028441  2.815148 0.071139 1.447557
420551.261167 3837293.327314 -3209.118219  2.946230 0.142051 2.760347
421906.136998 3836881.194513 -3347.196894  2.972017 0.110836 2.135749
428855.125222 3835982.567991 -8458.374089  0.637408 0.028017 2.516749
423063.995789 3837718.773600 -11149.358635  0.615718 0.098273 9.068314
423502.643910 3836357.248577 -3266.699745  2.890001 0.082101 1.627250
423957.969252 3837027.306654 -8453.102610  1.252002 0.088699 4.052409
428535.361712 3836403.298343 -10984.388590  0.182073 0.028965 9.038994
427072.513452 3835512.147352 -2760.105480  2.260961 0.042166 1.068413
430101.585121 3834645.613321 -2674.242514  1.828643 0.021122 0.661785
432137.448884 3834177.789751 -6258.348903  1.672620 -0.007072 -0.242239
431248.352659 3834017.620265 -2644.669460  1.806703 0.010198 0.323415
434127.255890 3834423.093765 -12098.402105  0.402735 -0.030321 -4.305508
434334.996795 3833028.880577 -3147.242018  2.723542 -0.030744 -0.646737
439769.693450 3832729.248134 -12840.607202  0.875033 -0.095220 -6.210424
437461.305641 3832276.473368 -4366.471552  2.782780 -0.079881 -1.644260
441981.565889 3830664.623533 -3138.022784  2.275890 -0.145897 -3.667958
437344.137481 3832147.321632 -3265.148008  2.484680 -0.080775 -1.861988
441356.309082 3831000.714691 -4746.028659  2.549800 -0.133395 -2.994757
439510.927769 3831211.415411 -2682.600676  1.951395 -0.118681 -3.480372
443725.111551 3831722.489125 -10940.656283  1.955704 -0.140379 -4.105611
441265.173011 3830690.731768 -2657.616617  2.037745 -0.139310 -3.910938
442443.825407 3830535.527058 -2641.526544  2.273095 -0.151485 -3.812695
446945.143413 3830194.457244 -2604.452068  2.673194 -0.180191 -3.856280
443742.824771 3830747.086358 -4204.929959  2.771402 -0.156899 -3.240256
443697.371183 3830585.315625 -3117.601648  2.612538 -0.160029 -3.505236
442121.241384 3830806.586678 -4214.877197  2.563139 -0.142122 -3.173713
445545.110238 3830496.532284 -3087.472458  2.766514 -0.171869 -3.554915
447051.544852 3831372.216886 -10813.407964  1.322362 -0.171477 -7.388578
448203.622451 3829854.471664 -2629.967562  2.660967 -0.186983 -4.019504
449914.828169 3829568.928369 -4817.438783  2.699198 -0.195163 -4.135527
453851.031300 3829086.245776 -12769.048379  0.118221 -0.219097 -61.649441
452940.316296 3827865.373665 -2675.033635  3.490270 -0.214569 -3.517914
450020.418230 3829185.332339 -2654.468617  2.758469 -0.196687 -4.078466
451434.364686 3829865.910463 -10753.565267  0.735123 -0.200484 -15.254787
451136.613032 3828704.141768 -2673.477945  2.943644 -0.203705 -3.958654
455564.303647 3827760.439339 -9217.331826  2.120392 -0.233073 -6.272760
452295.667697 3828248.714813 -3174.147710  3.273838 -0.210057 -3.671203
453289.285141 3828238.624393 -5961.111258  3.081512 -0.216030 -4.010172
458712.852266 3826712.334745 -9302.915674  2.278586 -0.254363 -6.369670
455069.965786 3826914.863987 -2749.991936  3.950365 -0.226845 -3.286533
455942.925379 3826640.982131 -3229.660507  4.259955 -0.231788 -3.114447
457927.050439 3826141.414950 -4290.822956  4.534198 -0.244433 -3.085761
462592.142021 3824819.752428 -3085.439393  3.901298 -0.271947 -3.987454
457833.495937 3826004.959442 -3231.488055  4.237049 -0.241985 -3.268711
462865.247577 3825960.355747 -10905.812287  1.286163 -0.283091 -12.413167
460212.525432 3825326.965019 -2693.087714  3.829553 -0.254272 -3.798717
463767.583610 3826041.530159 -12827.276758  0.674428 -0.290813 -23.325712
461416.588202 3825039.601670 -2643.262924  3.972991 -0.263075 -3.788360
463005.558289 3825162.872269 -5950.391614  3.474865 -0.278871 -4.588365
462069.774845 3824876.979617 -2618.872571  3.959646 -0.267278 -3.861632
465446.390098 3824809.422659 -6199.240972  3.196544 -0.298681 -5.338149
465147.556833 3824271.365729 -2656.886443  3.439876 -0.292883 -4.866619
471737.708883 3824506.670909 -4230.627111  3.950709 -0.345732 -5.001292
472457.863102 3824585.549136 -5939.231166  3.553036 -0.345745 -5.557937
466292.636032 3825307.551980 -9325.730753  2.048334 -0.304732 -8.461865
424456.183071 3836255.994904 -4393.071622  2.461363 0.072474 1.686575
425248.225777 3835799.826110 -2770.284960  2.577102 0.057578 1.279907
427703.342870 3835495.304737 -3232.972234  2.114779 0.037938 1.027739
435994.225921 3832619.382280 -3200.964709  2.714378 -0.054620 -1.152769
432571.574602 3833508.668021 -3149.311162  2.261627 -0.006114 -0.154900
438661.422244 3832600.996281 -9343.253293  1.803884 -0.088012 -2.793260
466351.118359 3824248.573349 -2628.597970  3.417237 -0.303493 -5.075253
470865.532992 3824658.619081 -4236.470242  4.025518 -0.340200 -4.830634
461054.097471 3825373.887404 -4285.554443  4.166971 -0.263624 -3.619999
471852.278530 3824319.317054 -3139.791369  3.852052 -0.349976 -5.191327
469211.173267 3824713.013036 -4191.174813  3.919972 -0.327642 -4.777838
468838.756593 3824468.591969 -2650.582311  3.597428 -0.324324 -5.151547
470646.626625 3824529.470805 -3147.972337  3.912246 -0.340577 -4.975293
467569.160049 3824420.570823 -3134.845703  3.562254 -0.313752 -5.033439
469305.088286 3824564.558515 -3161.161359  3.782358 -0.328414 -4.962423
471080.037120 3824914.419927 -6629.644779  3.482324 -0.335729 -5.506838
466587.368008 3825568.049547 -10941.550040  1.488211 -0.308134 -11.697779
465965.091187 3824483.123838 -4203.008605  3.507995 -0.301019 -4.904507
430603.733866 3836104.575344 -13459.615244  0.000000 0.006462 89.999999
431079.833846 3834378.954136 -4241.108320  1.689289 0.009313 0.315879
434725.650844 3833103.931877 -4189.021579  2.908609 -0.037005 -0.728910
435111.439828 3834445.748040 -13693.640019  0.235560 -0.043885 -10.553245
472801.495967 3824910.943154 -8677.670696  2.551908 -0.339268 -7.572888
469994.639620 3824954.822926 -5968.243822  3.770966 -0.331143 -5.018493
470210.562023 3824782.944704 -4786.141896  4.000109 -0.334642 -4.782129
469596.097721 3825317.454812 -8671.994692  2.470146 -0.324684 -7.488212
467560.793954 3824589.641436 -4279.080930  3.671006 -0.314110 -4.890614
367774.607525 3847253.848159 -4918.546553  1.149042 -0.131726 -6.539807
372139.668945 3847066.599618 -9461.094821  0.825406 -0.315230 -20.902328
471107.460138 3825099.714934 -7897.578053  3.006097 -0.333592 -6.332302
467847.604610 3825196.811624 -8166.332709  2.713774 -0.315214 -6.625417
462538.605737 3824985.477010 -4087.129044  3.901753 -0.273725 -4.012981
468740.060887 3824953.910231 -6027.412351  3.642687 -0.322759 -5.063451
466559.875635 3824795.126043 -6213.040864  3.294957 -0.306131 -5.308055
468398.299293 3824749.999638 -4828.010778  3.797797 -0.321290 -4.835654
467687.473415 3824982.779820 -6846.139550  3.219570 -0.314693 -5.582582
435927.624971 3833709.710705 -10311.717151  1.173479 -0.051188 -2.497723
464234.314523 3824647.189301 -4256.601956  3.583180 -0.287139 -4.581628
466774.957767 3824605.898253 -4845.383817  3.548663 -0.307701 -4.955670
465103.014878 3824621.083731 -4853.762999  3.470299 -0.295023 -4.859241
464953.366386 3825240.873804 -8787.901210  2.237396 -0.295820 -7.531758
463386.450346 3824885.808660 -4740.942985  3.682383 -0.280476 -4.355640
461806.864880 3825264.398773 -4749.924169  4.006425 -0.269178 -3.843735
461987.956404 3825400.840829 -5941.992862  3.699243 -0.272802 -4.217658
459615.321062 3825708.139170 -4296.590932  4.386857 -0.254170 -3.315947
458713.215546 3827258.512781 -12865.912757  0.391231 -0.256548 -33.254672
455972.135341 3826798.307844 -4292.156843  4.408439 -0.232924 -3.024459
458848.454583 3825982.080331 -4874.597985  4.485882 -0.250847 -3.200602
456209.523951 3827766.948510 -10881.593573  1.126648 -0.239135 -11.983366
454086.157758 3827585.141068 -4201.127935  3.893583 -0.221440 -3.255086
456975.925709 3826531.933950 -4889.423753  4.483002 -0.239651 -3.059993
455035.509538 3827261.360472 -4799.833575  4.109833 -0.227669 -3.170721
452274.092212 3828428.090095 -4210.906712  3.251880 -0.210243 -3.699187
450659.377887 3829171.375930 -4277.992424  2.835964 -0.199958 -4.033126
453190.198315 3828087.381449 -4748.331116  3.458713 -0.215766 -3.569674
451473.742570 3828900.096918 -4842.466480  2.921716 -0.204813 -4.009882
447326.458111 3830320.201793 -4098.382481  2.726633 -0.180807 -3.793820
449081.606397 3829785.602250 -4169.787909  2.709993 -0.190335 -4.017542
449079.755940 3830180.084583 -6670.047654  2.321397 -0.188179 -4.634430
445461.405041 3830657.340208 -4100.357602  2.813857 -0.169814 -3.453559
448237.454215 3830150.512291 -4680.369576  2.664226 -0.185143 -3.975222
449125.562861 3830510.561124 -9052.843423  1.557552 -0.187035 -6.847429
446407.684155 3830600.788976 -4625.251611  2.751341 -0.174801 -3.635288
443824.110497 3831130.271214 -6820.493387  2.751354 -0.151213 -3.145777
444590.830846 3830813.937661 -4732.635341  2.822350 -0.162396 -3.293124
439082.193557 3831635.333200 -4334.118107  2.511161 -0.107013 -2.440188
442954.433546 3830841.979543 -4809.574488  2.733701 -0.148705 -3.113650
444339.476353 3831483.273031 -9300.157359  2.291100 -0.150199 -3.750813
442011.700443 3831446.579797 -8116.129920  2.527415 -0.133586 -3.025536
440558.910413 3831107.494782 -4161.785878  2.412897 -0.126805 -3.008287
435738.768126 3832854.570313 -4234.137743  2.960959 -0.051639 -0.999131
438301.132376 3832041.326402 -4965.519079  2.701887 -0.092628 -1.963481
437147.331641 3833494.336061 -11455.289995  0.880534 -0.064383 -4.181910
441165.479016 3831772.021960 -9183.883689  2.253450 -0.121938 -3.097360
439858.480451 3831428.223926 -4813.049405  2.520609 -0.116589 -2.648280
429380.808914 3835199.047863 -4209.823808  1.540257 0.024727 0.919734
431998.060272 3834006.989662 -4799.571650  1.958225 -0.002331 -0.068217
430235.015324 3835973.742965 -11535.487205  0.072869 0.009530 7.451367
427767.504546 3835656.965874 -4371.788836  1.710301 0.037353 1.251140
430292.139237 3834885.365468 -4805.208222  1.417489 0.016032 0.647990
431003.673598 3835103.141518 -8309.732337  0.749734 0.007148 0.546281
426093.950628 3835911.048810 -4521.635428  2.025622 0.052946 1.497270
428589.340154 3835557.180511 -4855.294924  1.463508 0.031004 1.213631
428005.425161 3836271.724742 -9505.423888  0.469817 0.035888 4.368213
421977.587560 3837044.713459 -4550.132815  2.721840 0.112682 2.370650
422851.580519 3836847.339579 -5092.846059  2.513082 0.097801 2.228638
420366.998194 3837523.670506 -4332.979212  2.850990 0.148313 2.977934
417970.347220 3838180.150270 -4329.911345  2.917127 0.197878 3.880620
421080.908391 3837419.037793 -5116.678515  2.675733 0.131739 2.818670
416349.438863 3838387.408209 -4222.239992  3.004235 0.230178 4.381322
418903.992466 3838040.105936 -4954.223650  2.811449 0.175885 3.579775
417221.218160 3838387.486781 -4860.500943  2.923767 0.209193 4.092481
412620.562815 3839022.731019 -4137.143352  2.782934 0.284635 5.839841
415453.793933 3838538.759215 -4765.165031  2.988205 0.240376 4.599063
410789.717747 3839698.138535 -4155.661237  2.514349 0.289839 6.575682
413580.443474 3838832.069859 -4701.623288  2.882038 0.266122 5.275626
411749.178701 3839414.584692 -4714.350346  2.592007 0.278630 6.135494
408932.332755 3840454.431200 -4181.589921  2.118722 0.274896 7.392620
407110.239994 3841186.314134 -4242.814790  1.856555 0.240362 7.376868
409925.742217 3840140.478426 -4736.218746  2.158213 0.273318 7.217574
408069.552707 3840893.457900 -4780.522098  1.760977 0.249261 8.056526
405973.347799 3842443.029127 -9266.047261  0.575932 0.138431 13.515237
403383.347424 3842704.459208 -4215.786311  2.437877 0.123323 2.895903
406237.654550 3841629.159027 -4852.883070  1.660312 0.207956 7.139176
401698.847290 3843324.685940 -4189.915038  2.784656 0.061891 1.273237
404328.698180 3842406.185331 -4808.763169  1.966855 0.149182 4.337476
402526.816516 3843130.593984 -4772.933095  2.501432 0.085324 1.953602
398400.275748 3844133.635364 -4203.308000  3.131246 -0.069929 -1.279354
400957.780910 3843645.504064 -4833.596564  2.781049 0.030419 0.626677
401508.395317 3844163.421560 -9336.524863  1.358450 0.013341 0.562681
399330.427780 3844040.013979 -4890.342848  2.978088 -0.033438 -0.643282
394644.318803 3844898.094291 -4188.408170  3.341588 -0.213562 -3.656811
397498.506145 3844397.007876 -4695.937602  3.219324 -0.107111 -1.905606
396558.577482 3844884.925370 -6620.405397  2.793602 -0.150043 -3.074381
396846.606577 3845207.897126 -9178.915858  1.976014 -0.138761 -4.016855
392603.900495 3845212.411941 -4134.962432  3.203777 -0.295711 -5.273495
395634.068745 3844790.229975 -4736.862391  3.281197 -0.178052 -3.106079
393610.705648 3845151.699473 -4710.213188  3.167306 -0.254904 -4.601230
390646.776631 3845402.512692 -4115.447505  3.213007 -0.380015 -6.745265
388825.872784 3845460.837214 -4139.415528  3.294469 -0.453476 -7.837377
391595.658866 3845408.537819 -4671.820640  3.079127 -0.339165 -6.285772
389719.146216 3845529.237051 -4670.932404  3.139719 -0.417890 -7.581391
384322.779911 3845757.324237 -4225.339655  3.739624 -0.608133 -9.236517
388447.532305 3846220.382620 -9404.850557  1.136074 -0.420542 -20.313125
388066.841744 3845551.930846 -4820.797330  3.257481 -0.476904 -8.329093
383070.487998 3846642.106210 -8533.753708  1.946458 -0.528481 -15.190141
385095.684531 3845719.710724 -4981.236663  3.606301 -0.577132 -9.092196
386874.719861 3846258.647372 -9476.878609  1.136814 -0.453745 -21.758806
386598.543630 3845590.645267 -5119.584646  3.397268 -0.529475 -8.858459
383487.135514 3846006.605442 -4762.516555  3.604190 -0.609577 -9.599601
380801.633467 3846260.870016 -4237.746397  3.044288 -0.630756 -11.705670
379099.437136 3846315.621484 -4294.195931  2.514330 -0.608462 -13.603910
381728.502591 3846270.396237 -4797.589425  3.236230 -0.619582 -10.838223
379954.678326 3846388.107681 -4860.380777  2.701110 -0.609245 -12.710578
375570.320490 3846226.716880 -4303.495550  1.834037 -0.498203 -15.197280
377437.039642 3846284.323727 -4284.517942  2.102056 -0.566722 -15.088419
378291.905559 3846597.363886 -6261.644735  1.931867 -0.549022 -15.864747
373744.733089 3846194.160509 -4262.520033  1.691328 -0.418407 -13.895082
376480.277202 3846346.163989 -4913.349701  1.857690 -0.522936 -15.721804
376609.463740 3846997.526595 -9303.313040  0.889419 -0.454592 -27.072091
374601.585883 3846287.346751 -4868.517144  1.701887 -0.446565 -14.702630
368941.103960 3847201.068056 -6876.136760  1.290223 -0.203125 -8.946851
372991.730170 3846504.168823 -6277.366541  1.505213 -0.370881 -13.841837
370450.782500 3846437.615848 -4220.429678  1.464740 -0.253735 -9.827728
372874.856651 3846309.508140 -4936.374790  1.613901 -0.371041 -12.947503
369418.979524 3847290.014322 -8271.619349  1.142474 -0.221408 -10.967768
371270.107278 3846420.380137 -4892.595235  1.536281 -0.292463 -10.778477
368180.285817 3847816.394128 -9131.274854  0.904528 -0.189819 -11.851763
370922.642512 3846650.220797 -6095.824828  1.475909 -0.277299 -10.640890
457075.350677 3826684.097294 -6077.058019  4.125151 -0.241223 -3.346632
442910.200291 3831028.827409 -6067.640844  2.768924 -0.145280 -3.003442
438333.868411 3832240.507697 -6299.351182  2.640943 -0.090704 -1.967061
438652.086554 3832865.909217 -10982.613704  1.162605 -0.080901 -3.980580
437287.833616 3832949.029931 -8251.542905  2.137338 -0.070567 -1.891021
432744.101399 3834888.635345 -12209.453053  0.191276 -0.016295 -4.869243
431606.774056 3835234.996212 -10926.550391  0.244543 -0.004018 -0.941240
428767.801582 3835709.209101 -6159.712369  1.048270 0.028309 1.546918
431824.502004 3834872.800848 -9480.061838  0.624426 -0.005663 -0.519586
461126.283730 3826362.561618 -10933.620692  1.239853 -0.273197 -12.426323
460157.957801 3825875.161849 -6231.628409  3.999100 -0.260586 -3.728185
434827.834593 3832857.296514 -2642.488241  2.654547 -0.037565 -0.810739
436466.095479 3832711.530973 -4879.974787  2.952241 -0.062197 -1.206917
426343.105858 3835694.110286 -3307.705356  2.344499 0.049428 1.207762
425044.744007 3836217.611010 -5094.046646  2.162208 0.066870 1.771414
452941.893924 3829201.832209 -10866.767979  0.737988 -0.210238 -15.901159
451581.736170 3829049.999203 -6069.817707  2.598945 -0.205234 -4.515177
457851.351976 3827205.485317 -10945.745897  1.172797 -0.249083 -11.990538
455062.761962 3827460.260765 -6108.041428  3.649937 -0.228574 -3.583414
459111.680579 3826122.171409 -6209.430198  4.124728 -0.254060 -3.524649
448590.028802 3830948.364845 -10655.241318  1.084397 -0.182220 -9.538774
446432.091139 3830768.371812 -5771.810310  2.629445 -0.173723 -3.779951
448240.721057 3830329.546981 -5839.783464  2.489110 -0.183654 -4.219805
442008.242991 3831892.080443 -10889.303590  1.863572 -0.126736 -3.890527
440112.660549 3831542.045252 -6085.223752  2.597888 -0.117735 -2.594837
423014.789419 3836996.667994 -6395.618127  1.972964 0.097698 2.834884
424710.889349 3837243.101947 -11054.619871  0.509788 0.080872 9.014194
419933.788691 3838683.767692 -11077.691253  1.190941 0.141267 6.764682
421014.329742 3837650.986540 -6475.456461  2.241544 0.132967 3.394779
417191.307596 3838591.715502 -6205.412145  2.705035 0.199499 4.217978
413290.653808 3839890.212019 -10925.277487  1.543107 0.196387 7.252883
415440.061524 3838726.184219 -6026.440636  2.821149 0.227835 4.617168
411835.803703 3839576.199136 -5945.937224  2.351499 0.257309 6.244646
408669.366937 3841638.286068 -10972.004099  0.423223 0.171805 22.094434
408166.448027 3841060.472095 -6073.365713  1.339667 0.226499 9.596297
411233.599416 3840190.622380 -8369.756756  1.513446 0.221816 8.338093
403994.843576 3843522.271049 -10975.308416  0.533090 0.073383 7.837856
402329.597054 3843405.856529 -6089.811003  2.112415 0.068558 1.858881
399435.523398 3844928.351042 -10929.255429  1.382171 -0.049007 -2.030672
399308.417920 3844232.964166 -6137.755028  2.703966 -0.042947 -0.909954
401305.742756 3843748.584550 -6162.033414  2.344284 0.034740 0.849016
394604.644903 3845898.379365 -10864.611214  1.204663 -0.208241 -9.807385
393594.097115 3845335.677631 -5923.671380  2.800628 -0.253709 -5.176305
395637.131580 3844963.252718 -5889.475221  2.957349 -0.179299 -3.469502
389662.009757 3846444.360515 -10954.112795  0.463483 -0.371913 -38.744669
392719.959231 3845824.453219 -8347.447375  1.704025 -0.286482 -9.543351
387967.552263 3845849.175143 -6886.269457  2.538130 -0.459929 -10.270999
384782.013935 3846680.597740 -10962.965927  0.883717 -0.468945 -27.952704
386777.166833 3845790.052384 -6473.431916  2.820633 -0.501727 -10.086134
383666.037942 3846164.821707 -6062.519268  3.217235 -0.577385 -10.174351
379853.161031 3847277.403810 -10957.419687  0.869347 -0.485231 -29.168346
380067.067348 3846568.255378 -6097.728702  2.413772 -0.579129 -13.491775
374841.172679 3847215.623662 -11054.019667  0.413365 -0.388747 -43.242082
374108.187509 3846489.259040 -6240.433511  1.483113 -0.412312 -15.536158
376363.613635 3846534.750177 -6218.295109  1.615135 -0.499510 -17.185167
434503.946366 3834135.885456 -10645.612450  0.860080 -0.036357 -2.420571
430432.684975 3835005.423518 -5965.694078  1.132875 0.014315 0.723928
439369.109690 3831948.335820 -6940.124557  2.536911 -0.104569 -2.360340
441097.023070 3831262.630705 -6015.760150  2.641409 -0.127812 -2.770256
458289.701403 3826433.669372 -6813.289434  3.883001 -0.249338 -3.674078
461227.568114 3825907.013203 -8096.405110  2.845767 -0.271128 -5.442377
369778.112985 3846851.288697 -6055.316845  1.423259 -0.233715 -9.325388
371848.461132 3846690.958862 -6916.442566  1.411173 -0.312652 -12.492367
374963.443226 3846816.915603 -8331.416989  0.994642 -0.419547 -22.870343
371181.807170 3846980.973028 -8271.417172  1.129581 -0.288894 -14.346092
379228.855063 3846698.146838 -6899.679950  2.055336 -0.557085 -15.165275
374960.258549 3846617.215356 -6980.357324  1.341063 -0.434656 -17.958198
381911.582937 3846896.463659 -9239.699316  1.701616 -0.525895 -17.174100
377580.070408 3846938.363742 -8691.557710  1.121319 -0.482486 -23.281437
380929.263632 3846832.372086 -8166.424765  1.948107 -0.544549 -15.617130
381029.367063 3846618.100375 -6750.463514  2.504075 -0.574574 -12.923147
384716.039977 3845990.381389 -6232.319549  3.178628 -0.560589 -10.001944
384210.110688 3846535.284374 -9231.317963  1.659158 -0.505582 -16.947142
382902.648794 3846407.393160 -6782.974262  2.901992 -0.572251 -11.155175
388884.267037 3846038.202379 -8139.315581  1.675690 -0.418657 -14.027714
385653.978160 3846010.923197 -7098.826314  2.638579 -0.521224 -11.174319
390381.052287 3845976.423371 -7918.678182  1.810214 -0.377470 -11.778667
388545.556826 3845728.660491 -5976.150341  2.809384 -0.448691 -9.074152
390540.094814 3845763.230118 -6535.922156  2.456645 -0.378855 -8.766883
394838.647236 3845425.371411 -7950.591818  2.236442 -0.202274 -5.168018
391569.283608 3846049.794191 -9053.603417  1.365821 -0.326900 -13.460163
392578.442235 3845581.850100 -6593.387240  2.512222 -0.294745 -6.691605
394630.773104 3845255.095191 -6554.479192  2.704024 -0.213173 -4.507615
397478.647913 3844598.865438 -6005.013616  2.897835 -0.113225 -2.237541
396110.749842 3845187.490501 -8017.840346  2.293872 -0.166040 -4.140094
400424.189714 3844282.004556 -8236.755470  1.872604 -0.011631 -0.355862
399071.285529 3844751.989407 -9238.336301  1.843904 -0.060944 -1.893027
398358.407656 3844528.443112 -6759.796193  2.689571 -0.079943 -1.702511
403513.001093 3843253.721267 -8103.071260  1.182230 0.089738 4.340750
400477.108410 3844069.445874 -6912.641491  2.301345 -0.001292 -0.032165
403135.492249 3843195.339268 -6739.877334  1.691511 0.090621 3.066647
406289.328921 3841818.748273 -6175.255299  1.221224 0.185991 8.659529
404987.259728 3842665.093817 -8124.902675  0.911295 0.128599 8.032367
405272.313721 3842330.347836 -6783.226493  1.185662 0.150833 7.249910
409214.778563 3840967.702564 -8121.644078  0.992463 0.209783 11.935272
408210.217321 3841546.938984 -9248.548624  0.615915 0.183173 16.562466
407258.809685 3841542.917575 -6858.030634  1.074705 0.198811 10.480736
409140.082140 3840770.770548 -6695.576947  1.368643 0.230773 9.570860
413609.952109 3839016.230987 -5958.858046  2.710327 0.248476 5.238090
410357.695307 3840668.279842 -9144.794520  1.111135 0.209791 10.692050
410987.196813 3840009.078132 -6608.391524  1.978880 0.248673 7.162452
412736.696451 3839368.506591 -6625.964986  2.481326 0.247350 5.692689
416381.819028 3839033.885041 -8575.274977  2.271341 0.195819 4.927452
414302.093001 3839195.318714 -8102.525686  2.385377 0.223360 5.349421
414527.256019 3838933.831875 -6675.780889  2.707659 0.234526 4.950354
418381.455503 3838662.865175 -8247.896508  2.147897 0.170493 4.538441
415290.921643 3839242.494166 -9200.033610  2.208080 0.204161 5.282606
416305.795891 3838779.061933 -6828.426799  2.700634 0.209764 4.441363
418087.339523 3838529.927825 -6885.996655  2.509746 0.182066 4.149170
420515.767194 3838274.141346 -9547.189658  1.433642 0.136937 5.456172
422590.545807 3837460.559328 -8512.561187  1.373873 0.105506 4.391382
419684.804265 3838342.299930 -8362.053187  1.935462 0.153516 4.535052
420028.971837 3838032.546858 -6986.102478  2.252795 0.150673 3.826395
422074.217811 3837425.990622 -7211.682829  1.859706 0.112292 3.455421
424945.870316 3836442.444927 -6425.328555  1.671025 0.071811 2.460732
426887.519897 3835890.747013 -5112.852154  1.740610 0.046356 1.525537
427008.755695 3836087.001336 -6517.120667  1.252419 0.046224 2.113692
431359.768197 3834669.812274 -6860.371429  1.247577 0.002880 0.132252
429935.992099 3835605.735509 -8158.072476  0.694865 0.018366 1.514029
429699.816080 3835471.134503 -6674.727109  0.947295 0.020828 1.259571
435174.169211 3833342.485997 -6500.492576  2.580219 -0.044978 -0.998676
439722.083242 3832080.221443 -8601.194733  2.132743 -0.103397 -2.775581
436285.307138 3832956.303280 -6048.382101  2.795637 -0.060173 -1.233033
433084.234137 3833896.789526 -6750.537997  1.962541 -0.019789 -0.577705
433960.732155 3833353.988397 -4779.233831  2.740657 -0.028753 -0.601081
441817.722117 3831255.350557 -6742.675044  2.678975 -0.134320 -2.870331
445927.283894 3831336.763785 -9213.348942  2.080880 -0.164258 -4.513377
444716.349827 3831010.274652 -6090.132412  2.748759 -0.160700 -3.345864
443468.829219 3831327.422186 -8181.050897  2.569003 -0.145266 -3.236374
447401.247466 3830862.983732 -7770.752047  2.211893 -0.177306 -4.583038
445611.331007 3831021.260035 -6604.413373  2.628403 -0.167189 -3.639610
447354.131938 3830666.819319 -6404.355068  2.475722 -0.178423 -4.122127
451230.583067 3829536.480833 -8149.127149  1.817308 -0.201821 -6.337022
449909.710871 3829784.376013 -6158.284640  2.391274 -0.194013 -4.638456
448530.711905 3830557.013265 -7994.087390  1.971586 -0.183597 -5.320122
450762.254189 3829536.725858 -6846.189507  2.288914 -0.199848 -4.989909
454352.504065 3828159.532633 -8498.453700  2.131206 -0.223219 -5.979268
452415.381829 3828985.224149 -8033.034631  1.999285 -0.208614 -5.956922
452481.172639 3828729.235323 -6651.038080  2.613453 -0.209976 -4.593527
456460.347361 3827225.301726 -8120.951589  2.983318 -0.238897 -4.578344
453363.501388 3828718.861548 -9119.445579  1.716550 -0.215479 -7.154939
454212.497008 3827935.284304 -6722.115930  3.176138 -0.222895 -4.014316
457967.067956 3826738.660325 -8142.383113  3.049226 -0.248419 -4.657577
456098.812733 3827149.371481 -6787.998962  3.656981 -0.236154 -3.694817
464797.897856 3825009.538445 -7069.437314  2.958140 -0.293385 -5.664000
463517.833271 3825571.684263 -9371.002259  2.038002 -0.286504 -8.002251
460998.505168 3825762.903408 -6788.002656  3.627445 -0.266750 -4.205767
379704.781405 3846889.106273 -8256.244846  1.740983 -0.535484 -17.096621
377337.404979 3846675.287570 -6957.599443  1.629295 -0.517307 -17.614831
425059.189634 3836896.479690 -9436.729276  0.837676 0.075308 5.137153
424053.395949 3836780.676093 -7052.105815  1.640239 0.084832 2.960673
426116.312735 3836332.137049 -7257.185850  1.247243 0.057071 2.619908
462695.611656 3825576.459310 -8190.793114  2.584705 -0.280752 -6.199202
463484.150594 3825194.380954 -6890.789412  3.107176 -0.283752 -5.217856
433338.519823 3834239.231672 -9310.174845  1.165685 -0.024064 -1.182620
433676.480220 3833970.636676 -8045.558085  1.745472 -0.029054 -0.953618
434108.440917 3833489.021330 -5853.202585  2.569108 -0.031715 -0.707259
436058.791255 3833429.317512 -8747.330472  1.862555 -0.055388 -1.703349
426325.058750 3836539.541252 -8867.589776  0.820067 0.059083 4.120835
428067.201771 3836005.248786 -7080.474794  0.990082 0.035133 2.032285
434973.073047 3833586.897267 -7816.609011  2.110849 -0.042809 -1.161827
437313.253334 3832720.426970 -6868.710969  2.583808 -0.074645 -1.654785
