491884.335228 3817482.496366 -464.960157 1.282618 0.237334 10.483362
492315.676663 3817375.808021 -764.043671 1.384198 0.236613 9.700309
493372.369577 3816966.130956 -641.687325 1.706777 0.235592 7.859056
492455.858421 3818156.804165 -6098.927113 0.980165 0.212806 12.249515
492803.142326 3818453.621246 -8825.319918 0.341014 0.198908 30.254282
492064.368682 3817669.847008 -2077.482128 1.492491 0.232078 8.838555
493298.268129 3818786.430303 -12169.953497 0.000000 0.182087 90.000000
492222.455973 3817886.965360 -3828.681369 1.418267 0.224118 8.979758
494345.872247 3816591.018970 -676.454243 1.822198 0.232275 7.264298
495297.107782 3816201.793140 -657.283560 1.386535 0.227458 9.316257
495233.182763 3818951.987620 -17972.482716 0.000000 0.166325 90.000000
494842.425206 3816587.903849 -1917.056463 1.647950 0.226452 7.824267
497119.305501 3815433.472024 -624.995986 1.069250 0.216986 11.471434
498042.526600 3815043.965500 -632.288227 1.186127 0.209493 10.016251
499869.511157 3814281.118076 -631.845103 1.405499 0.191896 7.774650
502650.173271 3813204.976951 -646.554239 1.493331 0.156023 5.964627
503585.340239 3812879.239674 -646.606463 0.995496 0.140538 8.035571
505477.770869 3812301.266489 -657.972101 1.673333 0.107876 3.688624
506435.641237 3812052.852626 -647.538057 2.381033 0.088494 2.128484
505560.414970 3812394.794728 -1416.703951 2.017190 0.107743 3.057411
517247.839177 3812797.271154 -12623.432899 0.000000 0.037256 90.000000
511809.403616 3811316.003592 -315.974093 0.486747 -0.009007 -1.060129
517679.057449 3811824.352482 -6194.971012 0.717363 -0.008159 -0.651646
513335.896481 3811318.409343 -668.316298 0.533300 -0.028442 -3.052808
512656.623737 3811458.750980 -1475.025293 0.953703 -0.015469 -0.929233
516836.547346 3813554.822228 -17683.287661 0.000000 0.058775 90.000000
517920.675113 3810947.075440 -441.146857 0.761668 -0.052478 -3.941401
501233.019968 3813685.059423 -315.950167 1.736102 0.176182 5.794608
498116.898024 3816943.345859 -12693.626519 0.000000 0.167126 90.000000
504979.393720 3812391.572218 -326.524453 1.192844 0.117691 5.634801
510812.832641 3811365.701205 -322.358313 1.114228 0.007474 0.384322
515788.263543 3811162.299903 -334.636710 0.576700 -0.048183 -4.775937
509831.276500 3811438.578439 -316.098537 1.783301 0.025210 0.809924
508847.339242 3811549.412496 -316.135031 2.415754 0.043618 1.034394
510467.187320 3814072.779621 -17896.396729 0.000000 0.084370 90.000000
506753.846098 3812092.444952 -1375.712734 2.599579 0.085365 1.880804
512816.713224 3811283.151662 -324.619797 0.525156 -0.023411 -2.552479
514794.250649 3811215.372196 -319.460533 0.491741 -0.042950 -4.991658
516810.696130 3811070.807389 -306.306364 0.648580 -0.051651 -4.553292
492915.094967 3817085.146451 -299.083514 1.579104 0.237043 8.537072
493197.492683 3817138.861781 -1318.292122 1.638301 0.233700 8.118337
493870.787585 3816726.237217 -342.603810 1.873550 0.234632 7.138198
493655.295044 3817044.161066 -1831.240701 1.673593 0.231055 7.860525
496644.068167 3815583.676872 -309.124437 0.922585 0.220156 13.421450
493342.150172 3818020.818059 -7313.965968 0.669269 0.205691 17.084116
493458.458781 3819380.919299 -16312.214870 0.000000 0.169887 90.000000
502475.433374 3815792.994558 -16383.651226 0.000000 0.136842 90.000000
499393.287501 3814426.947735 -315.912398 1.164606 0.197034 9.602644
492884.215187 3817809.484660 -4862.714291 1.255341 0.218443 9.871238
492450.573774 3817432.518183 -1440.648468 1.483448 0.234463 8.981439
494033.928119 3818214.498883 -10261.649388 0.092736 0.190004 63.984166
502159.733939 3813332.255392 -315.973840 1.659323 0.163716 5.634815
492590.013092 3817604.108422 -2858.626809 1.514467 0.228304 8.572702
494812.696473 3816348.503314 -333.850433 1.691626 0.230512 7.759708
493945.494352 3817373.436970 -4632.401181 1.299713 0.217412 9.496337
494305.256600 3816736.211994 -1488.486336 1.737155 0.229680 7.531737
495921.267041 3816665.414997 -5187.646443 1.158210 0.207412 10.152910
495741.741698 3815964.389370 -323.433127 0.995012 0.225336 12.760308
496211.926185 3815817.367902 -632.557564 0.989669 0.222160 12.651970
494640.299411 3817473.093604 -6991.444253 0.711747 0.204272 16.013563
497563.870381 3815195.741961 -315.871549 1.116896 0.213776 10.835451
498481.510579 3814808.156129 -316.416679 1.168577 0.205786 9.987346
495812.799397 3817434.077263 -9742.771587 0.109587 0.187303 59.669101
498956.911609 3814659.245148 -632.329077 1.216437 0.201029 9.383905
501151.022322 3814190.449762 -3285.153396 1.932783 0.173076 5.117040
505141.533339 3815115.626455 -17818.762852 0.000000 0.118047 90.000000
500311.234415 3814051.017362 -315.932704 1.549291 0.187257 6.891702
500844.353896 3814004.264408 -1363.987259 1.809892 0.179363 5.659616
500788.769978 3813909.969905 -631.882871 1.696673 0.181348 6.100868
502298.664301 3813511.458731 -1776.421452 1.866629 0.160942 4.927884
503101.587546 3812995.475384 -330.580399 1.170043 0.148851 7.250140
504032.184526 3812681.007712 -316.026064 0.670236 0.133977 11.304154
507869.204340 3811702.631352 -316.121627 2.794351 0.062125 1.273609
517589.813028 3812235.528935 -8935.418076 0.234226 0.012818 3.132284
501765.815642 3813643.177709 -1347.536507 1.871448 0.168148 5.134196
505944.144996 3812127.011902 -331.447647 1.968859 0.098250 2.856814
506898.083231 3811896.635864 -316.090409 2.643680 0.080354 1.740964
508329.478509 3811993.787346 -2712.957312 2.921224 0.064993 1.274529
507391.815090 3811840.560187 -632.212037 2.757897 0.072211 1.499848
515503.310599 3813362.816264 -15531.568646 0.000000 0.057535 89.999999
507715.126128 3814258.607049 -16424.349081 0.000000 0.099503 90.000000
517739.936316 3811481.380003 -3914.007125 1.013317 -0.028099 -1.588382
516347.754467 3812615.640030 -10706.788412 0.000002 0.028839 89.995642
511275.614832 3811507.051974 -1449.116130 1.451902 0.006460 0.254925
514119.563539 3811481.128629 -1956.567131 0.793196 -0.029126 -2.102957
513814.511812 3811255.733373 -343.696502 0.418935 -0.034537 -4.712869
517061.368338 3811718.478276 -4947.983316 0.912331 -0.017804 -1.118007
517800.191705 3811210.612091 -2125.460576 0.956913 -0.042954 -2.570162
517477.274753 3811053.643381 -747.453222 0.764429 -0.051172 -3.829788
517230.526335 3811405.990144 -2944.506839 1.000895 -0.035671 -2.041111
514623.364522 3811387.718004 -1441.596260 0.666673 -0.036417 -3.126659
501712.268502 3813550.417074 -631.924007 1.759137 0.169699 5.510129
499998.982422 3816995.734862 -17855.698874 0.000000 0.150402 90.000000
505719.200134 3814050.470354 -12299.266859 0.068609 0.112231 58.561710
504458.997721 3812710.596072 -1375.941657 1.484570 0.127469 4.907519
504518.438902 3812578.405177 -642.550517 1.011864 0.126300 7.114809
509343.954207 3811535.223562 -632.233568 2.188251 0.035613 0.932376
511310.084706 3811385.573458 -638.332406 0.919308 0.000532 0.033167
510102.044167 3811654.620149 -1876.342459 2.170295 0.026322 0.694854
514321.698373 3811285.477407 -663.157034 0.484291 -0.038721 -4.571285
516192.626217 3811483.844916 -2744.167458 0.927010 -0.034438 -2.127515
516517.064699 3811252.472894 -1346.478186 0.753768 -0.046234 -3.509932
510322.064657 3811445.370886 -638.456850 1.506339 0.016066 0.611071
508667.508884 3811736.979828 -1381.716857 2.663321 0.050870 1.094226
508364.653293 3811666.771400 -632.256658 2.644136 0.052368 1.134607
509318.999268 3811649.436174 -1381.693766 2.438127 0.040231 0.945328
512755.216930 3813576.227291 -15744.677714 0.000000 0.067754 90.000000
507386.993450 3811951.287033 -1360.386713 2.735399 0.075327 1.577402
514510.607599 3812682.147429 -10218.781718 0.000990 0.033740 88.319814
516852.134191 3812101.740469 -7426.038455 0.491092 0.003225 0.376207
514984.773493 3811983.961738 -5630.546988 0.873300 -0.002897 -0.190088
512322.593584 3811345.459318 -640.593890 0.566185 -0.016631 -1.682471
515848.113062 3811799.461687 -4709.778120 0.921884 -0.015246 -0.947472
515304.336008 3811239.348231 -654.097243 0.559946 -0.044894 -4.583898
515945.310301 3811366.476943 -1818.611048 0.771464 -0.041466 -3.076682
517334.045985 3811174.462814 -1452.988334 0.841459 -0.047324 -3.218944
516331.219208 3811165.086727 -640.943074 0.644812 -0.049414 -4.382156
515275.537275 3811356.139104 -1432.536469 0.669083 -0.040512 -3.464921
493434.020545 3817272.078882 -2734.741728 1.584021 0.227610 8.176942
496437.994651 3815832.731092 -1323.202872 1.224591 0.219554 10.164432
515488.780922 3811640.218187 -3475.462548 0.972589 -0.024920 -1.467703
513339.282058 3811441.564002 -1502.747702 0.808111 -0.022985 -1.629186
510617.787264 3811547.199984 -1449.240574 1.776811 0.015990 0.515602
510274.388631 3811793.553845 -2909.821034 2.471958 0.033740 0.781993
514404.139150 3811632.463095 -3049.700832 1.031203 -0.020109 -1.117159
513529.047070 3811763.815546 -3733.966429 1.269461 -0.006527 -0.294607
515371.105510 3812180.366313 -7099.819627 0.547554 0.006971 0.729377
507642.865656 3813913.242150 -14034.632544 0.000000 0.096501 90.000000
511984.758045 3813207.737470 -13051.044658 0.000000 0.064261 90.000000
513750.349273 3811956.070688 -5080.497014 1.123191 0.003488 0.177947
512108.963896 3811550.773769 -1961.189221 1.294871 -0.005445 -0.240914
512693.705229 3812093.600031 -5773.832703 1.241121 0.017917 0.827066
514271.637479 3812380.662177 -8121.192553 0.425788 0.020405 2.743708
503840.734919 3812909.961420 -1379.997603 1.458591 0.136714 5.354692
508167.238290 3811883.566625 -1793.756503 2.798866 0.060855 1.245579
511554.561374 3812459.552833 -7908.761181 0.804982 0.042143 2.996870
506344.993958 3812260.132467 -1818.354175 2.533287 0.092737 2.096505
509624.467963 3813358.924901 -12813.047136 0.027375 0.079802 71.066080
506569.388118 3812334.609462 -2672.500855 2.758222 0.092643 1.923735
505071.702362 3812745.577559 -2784.169724 2.388557 0.115443 2.767044
502363.949029 3815448.638962 -13935.883235 0.000000 0.140216 90.000000
497026.841511 3817613.754149 -14025.748053 0.000000 0.167385 89.999999
499904.348700 3814382.963300 -1359.536954 1.588867 0.190371 6.832372
503942.192529 3814582.953550 -12241.215405 0.000008 0.127916 89.996525
502245.359350 3813686.577710 -2759.478774 2.040771 0.161036 4.511825
505002.596640 3812617.291351 -1818.647444 1.909246 0.117363 3.517584
503442.365447 3813112.639833 -1808.806651 1.701313 0.142516 4.788388
499002.922561 3814755.462971 -1353.986881 1.419391 0.199266 7.991419
502735.556492 3813291.419655 -1391.389351 1.738151 0.154995 5.095716
498067.488430 3815162.763516 -1439.083182 1.351816 0.207713 8.735456
501342.151027 3813872.114561 -1763.667055 1.892753 0.172731 5.214330
497040.621580 3815577.478554 -1315.641294 1.225316 0.216400 10.015568
500401.655876 3814247.157088 -1775.728944 1.746938 0.184215 6.019594
499474.135995 3814625.010781 -1765.262054 1.536385 0.194738 7.223773
496038.154544 3816073.960071 -1785.252373 1.388226 0.220394 9.020940
499295.847333 3814861.946988 -2780.892501 1.621592 0.193911 6.819099
498552.483361 3815023.171967 -1844.869438 1.427763 0.203037 8.093578
497510.148290 3815458.546507 -1813.311812 1.338345 0.212063 9.003776
497192.583790 3816468.886952 -7287.149628 0.613785 0.193002 17.455527
495367.452162 3816296.000651 -1428.457497 1.504041 0.224923 8.505315
494886.185697 3816742.662168 -2999.552278 1.564711 0.221243 8.048017
500341.262354 3816034.441664 -12757.481564 0.000000 0.155073 90.000000
500453.220870 3814375.752840 -2713.814086 1.828230 0.181537 5.670700
498675.542743 3815133.976989 -2859.995605 1.554966 0.198674 7.281084
497509.224429 3815822.071954 -4076.561421 1.378367 0.203296 8.390075
495880.162843 3817125.475171 -7983.920401 0.438577 0.195315 24.005257
494127.742592 3817118.888130 -3474.483178 1.520852 0.222549 8.325105
494815.286826 3817173.032020 -5546.092287 1.080778 0.210229 11.007498
496322.460115 3816084.486255 -2595.333569 1.455737 0.216249 8.449462
494498.851683 3818590.821491 -13800.591833 0.000000 0.174995 90.000000
497681.108108 3817743.235423 -16537.371090 0.000000 0.161221 90.000000
512360.283680 3811711.624903 -3107.919951 1.655941 0.003796 0.131353
497191.826932 3815724.325229 -2630.954587 1.441003 0.211058 8.332636
495695.518225 3816461.285154 -3321.034508 1.482604 0.216295 8.300236
500677.638776 3815559.824398 -10651.864050 0.015656 0.157318 84.316665
497305.627666 3816960.139402 -10660.894223 0.000000 0.176900 90.000000
496201.883016 3816383.848821 -4161.364822 1.354939 0.210487 8.830191
497058.700573 3816308.888361 -5936.227635 0.958044 0.198821 11.724061
497872.226455 3815539.347260 -3271.852124 1.469008 0.204499 7.925162
499049.536531 3816066.867747 -9631.788119 0.098494 0.171543 60.137006
498088.868560 3815742.133533 -5107.974536 1.225162 0.196229 9.099532
501455.159996 3814663.547440 -6976.091706 1.165019 0.160162 7.827715
503579.004143 3813212.704128 -2749.882781 2.110689 0.139858 3.790988
499290.526400 3815290.775274 -5430.574614 1.299464 0.185128 8.108088
499777.625032 3814748.495258 -3313.252543 1.699299 0.188010 6.313526
501041.931760 3814425.331403 -4487.153337 1.795199 0.171820 5.467182
501597.254458 3813929.704163 -2746.748051 1.998136 0.167875 4.802465
504477.058329 3813177.319245 -4399.364956 2.436228 0.123192 2.894795
501854.738067 3814254.901886 -5385.581842 1.796395 0.159484 5.073417
502818.890237 3813566.602929 -3315.522802 2.119957 0.151633 4.091204
508191.175177 3812364.009467 -5014.761062 2.632039 0.073362 1.596580
504361.338240 3813043.075834 -3297.094402 2.360613 0.126101 3.057756
511489.414705 3812019.579592 -4942.447828 1.840402 0.028560 0.889061
505642.407016 3812930.967441 -4958.555717 2.567343 0.108077 2.410546
505853.914852 3812597.557930 -3236.372910 2.672674 0.103201 2.211276
507462.994307 3812212.568553 -3149.091440 2.922253 0.080241 1.572876
511377.295358 3811829.859606 -3623.065660 2.041741 0.019735 0.553779
506637.455942 3813498.878463 -10229.518679 0.591862 0.099933 9.583670
512828.661418 3812321.786945 -7345.255604 0.767473 0.028297 2.111545
509291.391431 3812131.991407 -4533.490884 2.576720 0.056775 1.262248
509328.840356 3811949.509385 -3334.359747 2.748007 0.050207 1.046690
512865.477029 3812871.181304 -11049.315988 0.009573 0.048236 78.774971
510279.249534 3812377.542180 -6823.224793 1.466486 0.051320 2.004255
504322.091380 3813775.886714 -7886.668074 1.442018 0.123772 4.905824
499995.976257 3814851.891693 -4519.665020 1.620186 0.181127 6.378833
498869.129209 3815884.217388 -8016.894710 0.443268 0.178257 21.907187
510349.059053 3812165.755853 -5428.334340 1.994041 0.044192 1.269587
506308.899417 3812648.704402 -4308.488349 2.741539 0.099198 2.072252
509611.219772 3812840.735191 -9369.579015 0.597179 0.066817 6.384121
507362.139900 3812400.308652 -4251.764053 2.834435 0.084660 1.710824
505925.185020 3813430.455579 -8622.696062 1.266598 0.106467 4.804860
502843.537790 3813778.408933 -4723.134041 2.111560 0.145380 3.938565
502555.383845 3814762.940925 -10172.533912 0.261795 0.143541 28.735775
503719.371785 3813558.753543 -5259.764575 2.227021 0.132372 3.401609
507983.341791 3812648.408379 -6667.912965 1.923523 0.079691 2.372400
511352.406865 3812707.461941 -9515.232401 0.439583 0.052397 6.797476
502776.899231 3814392.425334 -8342.478088 0.904171 0.141199 8.875875
499936.903832 3815272.860538 -6988.572794 0.892517 0.174393 11.056015
505727.941769 3813082.011250 -6100.239997 2.267476 0.108852 2.748423
509013.748525 3812628.176646 -7581.533240 1.444939 0.066710 2.643347
508763.999854 3813155.641985 -10665.665079 0.353687 0.078552 12.521876
504355.636367 3813538.653916 -6421.839058 2.019911 0.122538 3.471604
506757.594195 3812978.732928 -7153.052641 1.891343 0.096400 2.917781
