474005.657479 3822513.186752 -426.107921 1.981770 0.436233 12.414126
474435.628104 3822455.582174 -764.737607 2.411013 0.432718 10.174871
475504.380122 3822152.578799 -794.906031 3.193121 0.425826 7.595992
477954.849433 3821207.392076 -482.547204 2.044287 0.380070 10.532075
474813.267040 3823615.697968 -9207.298815 1.328355 0.301736 12.797589
475244.926423 3824015.313734 -12767.973066 0.163601 0.252622 57.072530
474172.264803 3822731.836662 -2163.238111 2.911750 0.414419 8.100303
475242.716143 3824643.252330 -16774.650148 0.000100 0.222084 89.974201
474334.747373 3822959.757963 -3959.962265 3.000024 0.386028 7.332249
476502.871446 3821837.108799 -961.658949 3.152884 0.410075 7.410496
474544.199480 3823252.121508 -6281.018874 2.493211 0.347673 7.938581
478447.397383 3821084.360516 -944.483942 2.072091 0.366930 10.041960
479399.112887 3820703.327585 -938.054357 2.220711 0.342973 8.779552
480340.255408 3820337.519068 -933.302684 2.695401 0.315604 6.678351
478497.205137 3821202.177169 -1810.473185 2.764791 0.356846 7.354385
482249.162119 3819688.835338 -952.311614 2.511906 0.254902 5.794397
478655.871127 3823237.152145 -15064.157761 0.000000 0.211465 90.000000
482318.922144 3819818.465011 -1930.288196 2.923649 0.251088 4.908611
487013.427384 3818682.701156 -847.647333 3.223085 0.089121 1.583877
487956.424436 3818565.914118 -932.664486 3.482063 0.057209 0.941269
486880.664183 3818840.350280 -1773.428140 3.405199 0.093394 1.571045
489966.249196 3818321.152851 -983.965309 3.085549 -0.019487 -0.361855
488621.867379 3820906.952265 -17121.247132 0.000100 0.034970 89.836159
491972.171949 3818065.836369 -999.063706 2.007703 -0.091865 -2.619805
492971.156216 3817925.104562 -1012.918184 1.505060 -0.128139 -4.866345
491911.078920 3818226.768285 -2022.473819 2.727391 -0.084495 -1.774468
494958.082498 3817617.586931 -1044.026246 0.623694 -0.195547 -17.407811
493551.631867 3820229.703620 -17146.889505 0.000100 -0.055804 -89.897328
497441.799752 3817121.511199 -508.562237 1.619742 -0.271417 -9.512555
497947.919259 3817117.313223 -1046.143460 2.204743 -0.280733 -7.256506
496945.875481 3817428.855398 -2003.099735 2.504841 -0.246150 -5.612429
499947.755763 3816792.163796 -1032.510610 3.845016 -0.316543 -4.706289
498521.681885 3819421.161552 -17022.964458 0.000100 -0.127406 -89.955029
502394.092283 3816370.852251 -516.784035 3.807834 -0.332103 -4.984483
502893.781938 3816387.696140 -1035.166925 3.878592 -0.328270 -4.837776
501935.719753 3816652.784942 -2016.287069 4.478693 -0.316639 -4.044025
504865.922143 3816194.090798 -1035.417224 3.121264 -0.310317 -5.677701
503568.050718 3818727.403539 -17034.224106 0.000100 -0.155294 -89.963105
507363.341276 3815991.189589 -528.856181 2.713018 -0.262884 -5.534517
507863.144610 3816053.969289 -1017.841020 2.483532 -0.249660 -5.740440
506838.897885 3816245.458540 -2143.906168 3.238240 -0.264612 -4.671538
509867.831638 3816072.059109 -1032.730432 0.796421 -0.199371 -14.054266
508627.968832 3818460.254579 -17024.798519 0.000100 -0.134544 -89.957415
512359.570966 3816134.877035 -505.385906 0.565432 -0.128992 -12.850919
512850.712475 3816252.887342 -1005.563909 1.071110 -0.115435 -6.151098
511865.300757 3816314.582493 -1980.029423 1.090484 -0.140546 -7.344023
514881.070470 3816496.832804 -1024.229358 2.267520 -0.059056 -1.491886
515867.169636 3816643.647754 -972.891121 2.442344 -0.031404 -0.736675
513679.502380 3818763.609304 -16946.116671 0.000100 -0.079297 -89.927746
517823.236577 3817068.361702 -1107.675814 2.260894 0.020000 0.506837
518831.898492 3817289.477404 -1016.969419 2.060648 0.046440 1.291037
527326.402322 3820606.658724 -13455.754386 0.000000 0.055896 90.000000
523134.208239 3818146.195805 -479.390639 0.168258 0.103402 31.572577
527962.231072 3819465.026540 -5249.889492 0.639031 0.103390 9.190384
524663.746026 3818479.387338 -935.441532 0.367352 0.114087 17.253043
523598.444558 3818439.481644 -1862.868968 0.736496 0.102599 7.930669
526848.328276 3821180.184287 -17815.919275 0.000100 0.044108 89.870100
528281.412503 3818771.624877 -388.720772 0.057301 0.129414 66.117430
484637.632704 3819027.627384 -462.308501 1.889293 0.170278 5.150030
483655.041580 3819241.010395 -462.415443 1.595077 0.204885 7.319456
486563.245379 3818681.734189 -392.121819 3.000628 0.102574 1.957845
491492.340378 3818053.496298 -482.679341 2.096296 -0.075395 -2.059816
496448.351750 3817290.519490 -519.536213 0.936539 -0.245381 -14.681953
501402.413334 3816501.585833 -518.098958 4.051011 -0.330972 -4.670748
506362.240376 3816025.206132 -521.550454 3.043144 -0.285932 -5.367712
511361.376538 3816063.050728 -511.196755 0.330990 -0.156826 -25.352026
517291.517339 3816863.345655 -550.126886 2.410823 0.004650 0.110513
522128.355006 3817949.630652 -500.584627 0.614319 0.094371 8.733420
527192.743732 3818691.112050 -303.199031 0.000000 0.127999 90.000000
521182.212338 3817736.870293 -427.662984 0.901661 0.085558 5.420513
520228.987394 3817537.205678 -518.187683 1.446992 0.072578 2.871428
520973.888793 3820335.790764 -18087.446052 0.000100 0.005891 89.027464
526389.987280 3820323.199245 -12042.082968 0.012726 0.058646 77.756524
524143.001305 3818325.815856 -470.528610 0.128115 0.111077 40.925659
526192.222951 3818607.456913 -400.960158 0.305784 0.124442 22.144281
475064.517753 3822218.779890 -338.629685 3.047669 0.432626 8.079336
475320.960115 3822331.803966 -1588.540384 3.063110 0.417857 7.768111
476032.099394 3821925.199915 -456.276346 3.314619 0.421035 7.239150
477008.500540 3821578.926770 -505.382603 2.873885 0.401787 7.958718
476331.347793 3823985.430129 -14662.676374 0.000001 0.231164 89.999868
476405.291539 3822359.343711 -4121.959182 3.128679 0.370060 6.745596
481723.088436 3819776.784725 -463.792426 2.705810 0.273490 5.771581
476031.399122 3823525.888040 -11040.350631 0.579126 0.268930 24.908872
486209.687479 3821442.586012 -18138.572725 0.000100 0.083717 89.931561
485626.296022 3818845.951076 -476.927071 2.537185 0.133058 3.002031
477548.929695 3821608.807634 -2007.642267 3.019296 0.374671 7.073792
474571.260296 3822538.325969 -1558.371959 2.817256 0.421644 8.511972
476883.521860 3824348.675620 -18328.237423 0.000100 0.213381 89.973149
481329.675463 3822737.264378 -18138.704611 0.000100 0.172685 89.966821
475437.879377 3823232.899688 -7819.410488 1.854950 0.317571 9.714951
474741.332313 3822731.633791 -3142.927776 3.046616 0.396085 7.407367
475815.009174 3822276.748600 -2271.338110 3.155675 0.403654 7.289333
476469.201233 3822009.432316 -1983.086360 3.193680 0.397724 7.098758
477489.414097 3821470.340986 -987.929806 2.593586 0.389248 8.535300
475045.672103 3822955.476409 -5201.571884 2.788403 0.361293 7.382681
476845.858587 3822790.921773 -7892.068194 1.961249 0.310024 8.982688
478897.319583 3820827.504064 -461.936739 1.789536 0.357420 11.294920
479836.402776 3820458.315042 -476.117618 2.383334 0.331517 7.918908
481869.644536 3820018.169901 -2327.742721 3.056933 0.263647 4.929312
480771.776559 3820102.819342 -457.185066 2.791556 0.303286 6.200524
481285.993672 3819993.690017 -920.977492 2.848666 0.286490 5.742919
484829.018584 3819271.161811 -2333.566284 2.840494 0.164723 3.318923
477794.915464 3822912.521587 -10915.231642 0.703903 0.259130 20.210348
482686.443774 3819492.082173 -488.519188 2.142333 0.239844 6.387918
479157.041775 3823376.694064 -17176.131535 0.000100 0.199740 89.971315
483338.467612 3819540.550533 -1929.524352 2.648206 0.213756 4.614747
484197.313083 3819188.732829 -924.723944 1.896404 0.185693 5.592495
483670.099596 3821841.008763 -16986.466836 0.000100 0.137781 89.958415
489494.107673 3818306.823187 -497.628652 3.261076 -0.001748 -0.030703
481695.445193 3821925.104803 -14011.860493 0.040789 0.180645 77.276281
487498.151802 3818556.414278 -455.525513 3.345140 0.073826 1.264290
488718.122336 3820597.805711 -15125.745276 0.191866 0.032000 9.468939
488496.804677 3818428.036622 -477.138973 3.467353 0.037165 0.614097
488960.522319 3818443.838203 -974.767625 3.452769 0.019632 0.325765
490494.888876 3818181.641623 -486.336658 2.673957 -0.039955 -0.856061
491164.656925 3820733.031987 -18273.484908 0.000100 -0.012497 -89.541547
488863.230236 3818604.314817 -1972.028168 3.685521 0.022551 0.350571
494471.383186 3817616.738104 -508.894305 0.220888 -0.180744 -39.292086
492485.914884 3817921.817069 -516.384366 1.637803 -0.111733 -3.902761
493213.407621 3819991.371253 -15215.916180 0.329956 -0.060080 -10.319595
493481.223570 3817771.008146 -496.533819 1.005436 -0.147672 -8.355502
493968.117629 3817771.269811 -1005.428124 0.845756 -0.162506 -10.876390
494914.525010 3817785.658386 -2119.226888 1.960008 -0.184684 -5.382858
495458.558170 3817458.731076 -535.131941 0.602491 -0.214102 -19.563262
496099.194296 3819985.637551 -18164.215098 0.000100 -0.092248 -89.937890
493945.062859 3817917.793026 -1961.227292 1.932408 -0.155681 -4.605983
499431.158041 3816796.923536 -522.844437 3.411240 -0.312426 -5.232967
495948.443766 3817454.702702 -1054.668153 0.986368 -0.228023 -13.016663
498401.294667 3819155.090555 -15111.807352 0.458523 -0.137575 -16.701334
498437.211544 3816960.097834 -537.581223 2.478379 -0.293895 -6.762759
498950.413653 3816954.482432 -1060.425660 3.089235 -0.301450 -5.573325
500422.336853 3816641.814013 -509.666173 4.034321 -0.324686 -4.601306
501103.665511 3819196.881004 -18149.559860 0.000100 -0.142177 -89.959701
499012.629206 3817106.638469 -2145.147418 3.782964 -0.288552 -4.361880
504373.036337 3816158.031650 -513.521786 3.312591 -0.318844 -5.497908
500929.955354 3816644.381009 -1027.765131 4.142563 -0.326051 -4.500329
503511.663785 3818455.415081 -15162.188006 0.381483 -0.165859 -23.498218
503377.501479 3816256.701669 -518.382890 3.737530 -0.327983 -5.015088
503878.482442 3816281.225741 -1031.904676 3.670722 -0.321558 -5.006381
505360.985173 3816082.037815 -521.895438 2.691721 -0.304762 -6.459632
506125.560718 3818693.011117 -18175.474746 0.000100 -0.145021 -89.960491
509366.202374 3815981.319513 -500.304959 1.218467 -0.214056 -9.963868
503884.801185 3816427.033340 -2018.864391 4.144239 -0.309663 -4.273279
505857.512949 3816128.298814 -1043.445891 2.987099 -0.293918 -5.619575
508596.493013 3818182.526304 -15143.972772 0.113175 -0.142423 -51.527826
508363.894801 3815971.707062 -488.984839 2.112068 -0.238681 -6.447532
511910.118892 3816942.193603 -6164.664065 1.269201 -0.130346 -5.863679
508866.148872 3816046.952837 -989.289798 1.753311 -0.225171 -7.318225
510365.267274 3816015.413457 -532.425473 0.205332 -0.186077 -42.183648
511161.700427 3818705.903696 -18140.134273 0.000100 -0.106892 -89.946399
514354.232687 3816346.101804 -498.010060 2.123914 -0.074244 -2.002022
508869.053093 3816182.923843 -1909.759163 2.060009 -0.219843 -6.091518
510863.947314 3816113.723200 -1043.622228 0.364793 -0.170845 -25.095265
513348.157694 3816227.901265 -500.178003 1.471962 -0.101953 -3.962152
513694.917974 3818475.588239 -14997.199283 0.000000 -0.081731 -90.000000
513851.125663 3816358.453431 -998.188063 1.817107 -0.088319 -2.782613
515369.582012 3816495.137077 -526.219298 2.420944 -0.044340 -1.049255
524370.121870 3820117.319821 -12329.798634 0.000000 0.049468 90.000000
516327.839269 3816648.618787 -446.671823 2.505786 -0.019211 -0.439268
516160.861289 3819327.019350 -18096.792897 0.000100 -0.047377 -89.879065
514880.991518 3816655.257391 -2086.219048 2.018021 -0.064607 -1.833712
517845.025572 3817249.363469 -2267.984490 2.105746 0.013011 0.354010
518321.798429 3817100.600058 -557.548929 2.166014 0.035097 0.928315
527804.737448 3819775.882562 -7454.659971 0.420958 0.089154 11.957858
519057.906941 3817505.521802 -2093.963165 1.975691 0.046066 1.335676
519274.832478 3817308.276231 -459.420490 1.930092 0.056778 1.685005
525647.428924 3820820.822140 -16121.888000 0.000100 0.042222 89.864299
518540.688290 3819629.151621 -16893.428449 0.000100 -0.018993 -89.698335
528094.284079 3819206.120628 -3420.512593 0.609670 0.114471 10.633971
526851.101693 3819923.248311 -8960.755167 0.196891 0.077013 21.362802
522543.510366 3818259.210643 -1995.497829 0.990331 0.093825 5.412099
525274.873538 3818775.363655 -2324.207667 0.673707 0.112276 9.461647
525160.375928 3818483.943814 -464.912922 0.435705 0.118283 15.188269
526803.487179 3819020.545713 -2773.571952 0.582746 0.116439 11.299530
527464.944166 3819313.195920 -4418.894163 0.667461 0.107362 9.137845
528181.259238 3818989.903987 -1914.622891 0.379521 0.122748 17.922630
485188.987389 3818993.174351 -939.235573 2.349240 0.149805 3.648669
484292.693560 3819302.157675 -1811.460243 2.582860 0.182946 4.051541
483218.462521 3819421.586898 -950.934630 1.968562 0.220430 6.389095
486129.850559 3818820.176186 -869.048891 2.860445 0.116349 2.329222
490972.361042 3818193.352575 -969.015998 2.525622 -0.055971 -1.269529
496945.418951 3817282.890526 -1028.098450 1.480251 -0.256261 -9.821699
501911.084915 3816509.866258 -1034.882993 4.040398 -0.329441 -4.661406
506861.055944 3816083.190493 -1050.406635 2.976596 -0.273356 -5.247055
511860.295542 3816171.516262 -1016.582661 0.550399 -0.142442 -14.509662
516806.781877 3816826.573158 -996.798709 2.434289 -0.007735 -0.182053
522591.672554 3818115.839156 -979.975266 0.509073 0.097982 10.894594
521415.339099 3818014.651081 -1930.502313 1.316792 0.081648 3.548084
526762.511364 3818711.942125 -704.159189 0.181807 0.125986 34.720656
527855.528445 3818793.009584 -691.919803 0.090851 0.128178 54.671463
527674.261741 3819081.073409 -2730.519116 0.550767 0.117557 12.048544
519764.845819 3817500.410861 -977.608173 1.715967 0.064271 2.144989
521619.258466 3817907.373737 -928.247611 0.850710 0.088996 5.972226
520696.964944 3817707.839169 -945.850667 1.243409 0.078604 3.617235
523074.416385 3820500.038330 -16393.414776 0.000100 0.027042 89.788125
519666.197163 3817640.838070 -2054.601920 1.885176 0.054650 1.660511
520818.655023 3817886.513215 -1948.105369 1.446355 0.076358 3.022048
527612.195205 3820149.552051 -10123.450171 0.116619 0.072558 31.888833
518717.853250 3819341.169215 -14721.715810 0.000000 -0.016348 -89.999999
525550.186844 3819267.067670 -5421.717010 0.706478 0.096534 7.780800
525206.215805 3819769.763603 -9143.359567 0.180617 0.071575 21.617553
527187.083130 3819590.494803 -6471.309210 0.524192 0.093844 10.149933
526394.689247 3819231.787385 -4491.719277 0.707697 0.105815 8.503852
523623.661117 3818307.052959 -949.919249 0.242155 0.106423 23.724767
525843.762223 3818765.044895 -1744.799679 0.545307 0.117726 12.182569
525723.286813 3818619.194477 -865.873080 0.418071 0.120986 16.139990
526999.428361 3818835.038309 -1394.187544 0.321006 0.123694 21.073205
527760.297680 3818888.011086 -1381.948158 0.268940 0.125057 24.938427
526549.615357 3818876.403515 -1969.915112 0.482921 0.119718 13.923153
479788.439807 3822598.884801 -13834.581804 0.053572 0.208505 75.590391
486948.656084 3820634.161265 -13743.816608 0.437799 0.073416 9.519555
478266.943042 3822002.383553 -6280.257146 2.699391 0.314114 6.637351
475634.376865 3822483.067732 -3220.859351 3.130053 0.392743 7.151812
522733.524372 3820079.995491 -14014.996830 0.000000 0.028865 89.999995
516640.641249 3816952.746721 -2054.802660 2.233909 -0.019169 -0.491649
525330.494091 3818930.360959 -3312.141690 0.774181 0.108018 7.942912
523433.986228 3819234.509276 -7415.459801 0.452024 0.070086 8.813480
522342.270985 3819464.029942 -10322.403264 0.020980 0.041944 63.425973
487864.162244 3818712.063663 -1832.721522 3.663314 0.057881 0.905208
524657.768225 3818624.956761 -1915.809677 0.678287 0.109703 9.187213
524818.062252 3819505.847520 -7736.266775 0.363137 0.077300 12.017002
523206.863722 3818606.014633 -3453.420064 1.060012 0.093653 5.049032
526153.254598 3819064.184397 -3536.390542 0.712237 0.109982 8.778154
523905.235386 3818725.842129 -3418.265647 0.975032 0.098150 5.748212
525845.293821 3819473.944468 -6570.311614 0.554512 0.091040 9.323699
524485.075323 3819071.085954 -5112.409459 0.820474 0.093441 6.497232
521876.273451 3818200.279482 -2518.361891 1.248698 0.085425 3.913566
524111.806945 3818603.813964 -2363.846474 0.780679 0.104919 7.654367
523060.829491 3818421.995976 -2407.862920 0.944751 0.097068 5.866243
521849.332911 3818351.730500 -3559.784412 1.312059 0.078944 3.443227
523947.443908 3819790.187920 -10593.770238 0.011804 0.053341 77.521532
522525.664379 3818757.537720 -5347.589506 1.016482 0.074606 4.197793
516028.537349 3816831.816359 -2030.895072 2.220996 -0.029971 -0.773112
520252.028817 3817856.306933 -2597.436131 1.697508 0.063551 2.144037
513836.859324 3816498.210065 -1948.986934 1.752409 -0.090236 -2.947709
518569.595874 3817497.646223 -2794.851351 1.979215 0.029119 0.842884
520810.161740 3819627.765519 -13537.315466 0.000000 0.013290 89.999999
517041.807422 3817332.121711 -3991.296531 1.624494 -0.017109 -0.603398
518664.915610 3817709.182258 -4042.274696 1.599068 0.020740 0.743101
512837.271118 3816404.730959 -2037.619329 1.376437 -0.115383 -4.791736
517147.165706 3817170.520986 -2768.439512 2.071359 -0.005178 -0.143230
510884.829146 3816273.887966 -2118.950627 1.125667 -0.166250 -8.401310
515530.870774 3816841.730269 -2646.212939 2.043523 -0.046945 -1.316008
509845.439795 3816225.282022 -2074.379898 1.523280 -0.197264 -7.378729
512369.965758 3817649.088495 -10626.294800 0.297427 -0.108403 -20.025214
514339.887397 3816644.283025 -2510.798621 1.861249 -0.077906 -2.396815
513320.449999 3816519.501516 -2483.032295 1.560749 -0.103047 -3.777429
507893.111871 3816208.506944 -2066.361743 2.638668 -0.239497 -5.186201
512351.134825 3816429.786883 -2500.888089 1.283052 -0.127898 -5.692601
517204.830500 3818818.967031 -13545.119143 0.000000 -0.035027 -90.000000
515508.142801 3817005.646477 -3766.907429 1.658841 -0.052788 -1.822672
511570.398549 3816538.915877 -3631.293882 1.423435 -0.143094 -5.740510
511387.263585 3816366.281725 -2549.971917 1.172040 -0.152872 -7.431262
505846.524864 3816276.078568 -2039.097215 3.506708 -0.284047 -4.630908
510363.757264 3816328.801136 -2649.403338 1.402712 -0.180574 -7.335439
504862.887959 3816354.519888 -2117.137111 3.822139 -0.298213 -4.461331
507758.232019 3816835.287016 -6253.313103 2.671027 -0.213055 -4.560558
509346.714753 3816270.513432 -2462.423790 1.845657 -0.207258 -6.407193
508123.515993 3816521.599235 -4191.353830 2.707079 -0.224741 -4.745809
506707.353723 3816588.585635 -4408.246180 3.378475 -0.249732 -4.227540
508396.766284 3816262.215723 -2457.974927 2.405186 -0.228447 -5.425729
502908.722543 3816544.687076 -2102.863627 4.385913 -0.314652 -4.103459
507371.150479 3816307.995290 -2670.876437 3.005309 -0.250464 -4.764050
511989.530372 3818083.962141 -13760.336504 0.000267 -0.106352 -89.856159
506142.166508 3816511.429813 -3736.323173 3.678010 -0.266786 -4.148701
510322.691636 3816494.286765 -3780.810240 1.736031 -0.178084 -5.856986
506329.094233 3816335.253933 -2610.701311 3.450669 -0.272717 -4.518876
500968.973282 3816797.560884 -2092.324580 4.488855 -0.311814 -3.973618
505346.962905 3816390.246659 -2599.266649 3.746863 -0.289155 -4.412913
499994.216122 3816932.288204 -2018.319192 4.233891 -0.303784 -4.103976
504376.320896 3816464.268339 -2582.201388 4.071058 -0.301757 -4.239158
502288.291726 3816852.957530 -3664.755041 4.689713 -0.299727 -3.656890
503570.789393 3816705.892274 -3679.881231 4.458422 -0.295123 -3.787146
503398.760827 3816559.500203 -2573.039306 4.350543 -0.309832 -4.073542
497938.796708 3817277.483403 -2105.912624 3.064376 -0.266427 -4.968990
502433.667727 3816670.761870 -2565.884812 4.513470 -0.313241 -3.970039
506880.654745 3818019.023654 -14059.952625 0.490954 -0.161875 -18.248135
501050.867212 3817116.290425 -4291.988818 4.676149 -0.288630 -3.532038
505495.716081 3816547.217522 -3724.543528 3.847669 -0.273854 -4.071112
501466.066101 3816797.684391 -2564.062482 4.563737 -0.311845 -3.909002
495960.160991 3817614.552170 -2135.291171 2.223872 -0.219887 -5.646818
500060.191558 3818692.581767 -13833.007692 1.017411 -0.162140 -9.054793
500507.815140 3816935.118296 -2560.034204 4.446664 -0.305378 -3.928659
499263.408485 3817395.065670 -4337.341502 4.315322 -0.267880 -3.552166
499539.833953 3817089.203981 -2593.374778 4.110686 -0.293836 -4.088612
497263.814543 3817615.101177 -3604.428901 3.394032 -0.236909 -3.992868
498490.304546 3817272.424050 -2682.072145 3.593012 -0.274711 -4.372163
492963.540440 3818081.748870 -2054.379311 2.314920 -0.124386 -3.075676
497433.133732 3817427.646251 -2543.332686 2.938496 -0.253688 -4.934260
501781.256630 3818449.074684 -13872.128697 0.984312 -0.172790 -9.956482
496627.208834 3817725.443838 -3625.282755 3.242342 -0.227112 -4.006770
500404.376544 3817115.398921 -3662.143136 4.554227 -0.289151 -3.632875
496460.525505 3817596.333831 -2575.160515 2.542085 -0.230646 -5.184307
490932.011433 3818334.580273 -1883.165668 3.037213 -0.053041 -1.000488
495426.717907 3817786.651999 -2690.955600 2.308172 -0.199759 -4.946283
489934.711024 3818474.709216 -1990.104771 3.424460 -0.019795 -0.331185
494861.894282 3819113.784229 -10955.807170 2.100432 -0.113576 -3.095109
494404.770928 3817931.332773 -2539.894115 2.128650 -0.168295 -4.520506
493578.840080 3818215.244620 -3570.277724 2.858631 -0.138997 -2.783737
492417.206080 3818239.393293 -2581.255605 2.686639 -0.102390 -2.182535
491651.651092 3818570.331859 -4099.027942 3.362744 -0.072066 -1.227704
493450.553024 3818074.175668 -2493.794114 2.296093 -0.138365 -3.448537
496621.912840 3819276.142861 -13976.385696 0.939803 -0.125256 -7.591608
491181.507868 3818532.770853 -3429.185313 3.381493 -0.055170 -0.934718
495407.609093 3817960.395030 -3830.208344 3.048481 -0.189706 -3.560905
490010.302127 3818768.210067 -4026.515748 3.638634 -0.018537 -0.291893
491390.897740 3818355.655911 -2420.239124 2.990887 -0.067174 -1.286615
490423.001095 3818476.425686 -2406.625790 3.330971 -0.035227 -0.605920
489365.277419 3818620.856166 -2501.028658 3.638181 0.002942 0.046335
483687.418010 3819770.114589 -3970.527833 3.068921 0.200255 3.733413
488051.903102 3818918.190758 -3381.905167 3.751702 0.050269 0.767661
485919.106310 3819083.701811 -2387.229362 3.185503 0.126142 2.267658
488307.250401 3818734.662781 -2374.456553 3.727519 0.041984 0.645314
486785.018421 3819181.762964 -3948.229825 3.552613 0.093779 1.512099
487273.126408 3818860.212948 -2281.363357 3.581248 0.076903 1.230175
490922.687636 3820185.553065 -14347.009726 0.575462 -0.018204 -1.811834
486020.108152 3819225.877648 -3448.163721 3.379217 0.121729 2.063070
490892.537013 3819925.173506 -12572.140323 1.164712 -0.024331 -1.196758
485284.992792 3819123.283932 -1923.757056 2.884332 0.149734 2.971720
486326.655445 3818927.817340 -1794.829699 3.271784 0.107439 1.880802
483500.477382 3821590.130348 -15051.771752 0.004011 0.146027 88.426665
485034.930365 3820982.109927 -13804.623379 0.225030 0.121549 28.375453
480438.220993 3820453.197167 -1900.549377 3.055342 0.305754 5.714674
482164.160123 3821487.805029 -12246.992922 0.334819 0.183745 28.757501
483870.427149 3819473.398876 -2327.741464 2.709285 0.196458 4.147418
479452.557471 3820834.480299 -1897.402662 2.859602 0.335106 6.683793
482972.779380 3819872.300037 -3473.595182 3.070641 0.224132 4.174733
482876.208890 3819740.675480 -2445.085491 2.866920 0.230032 4.587397
479318.884221 3821979.403439 -8752.555917 1.705332 0.267844 8.926102
481362.789748 3820105.445520 -1806.951205 3.077952 0.280121 5.200096
480946.538219 3820330.252945 -2310.405472 3.126737 0.290463 5.307339
479317.244955 3821754.059767 -7332.301803 2.337619 0.281412 6.864469
477151.068539 3822033.309198 -3735.874056 3.196444 0.364513 6.505732
479987.812944 3820705.145855 -2402.712616 3.049983 0.317729 5.947284
476223.171717 3822603.628215 -5285.637226 2.882917 0.355861 7.036871
479184.640426 3822546.089409 -12004.292320 0.369482 0.229515 31.847812
477129.678304 3822458.295398 -6437.741923 2.555347 0.325651 7.262569
480060.970392 3820838.170546 -3422.001142 3.200110 0.308145 5.500171
482338.853429 3820127.729462 -3936.855450 3.129508 0.241361 4.410159
477984.762592 3822560.353598 -9154.837533 1.441218 0.278848 10.950314
477034.345925 3821889.716936 -2546.522475 3.164882 0.382466 6.890601
479000.571920 3821076.473430 -2287.274286 2.916087 0.343920 6.726334
478929.488388 3821250.596751 -3202.069485 3.140611 0.338667 6.154691
478064.172785 3821463.675376 -2368.248907 2.999361 0.363137 6.903282
477917.830201 3821793.735704 -4091.178583 3.182784 0.349089 6.259201
478316.350677 3821505.011184 -3262.433641 3.150196 0.347665 6.297838
481190.892607 3820398.615885 -3295.070396 3.205063 0.276125 4.924023
520334.471081 3818058.552231 -3809.498766 1.529970 0.056145 2.101631
524506.817219 3818901.982230 -3958.162874 0.902082 0.100043 6.328395
480838.243620 3821794.630281 -11199.292633 0.655912 0.215030 18.150880
484581.104265 3819833.152175 -5714.703445 3.078042 0.164851 3.065660
479391.825750 3821336.614010 -4899.758761 3.097361 0.310016 5.715725
478468.162276 3821734.306971 -5099.086800 3.045590 0.323826 6.069231
480301.867278 3821292.542944 -6856.301790 2.573911 0.269944 5.987113
479454.631387 3821141.628310 -3831.486387 3.189967 0.320145 5.731021
480175.228840 3821143.173769 -5604.929094 2.969023 0.284574 5.474943
481709.944351 3820568.250289 -5500.782692 2.994990 0.247346 4.721153
480755.732829 3820654.584797 -3904.502827 3.205444 0.286574 5.108786
481793.005331 3820195.809795 -3305.800285 3.179329 0.263567 4.738990
482370.803597 3820272.259455 -4935.909300 3.051309 0.234446 4.393668
484749.965253 3819440.008430 -3346.167015 3.071399 0.169873 3.165694
489314.063921 3818780.473404 -3532.150762 3.719706 0.003797 0.058490
487355.437825 3819002.265827 -3310.425431 3.689146 0.069490 1.079111
492366.972392 3819372.004354 -10161.928831 2.266523 -0.066265 -1.674647
488556.669439 3818947.460031 -4010.598887 3.747747 0.029943 0.457758
488493.232835 3819122.701328 -5133.899719 3.616307 0.030296 0.479991
494201.447185 3818122.821904 -3604.017239 2.827003 -0.152037 -3.078423
492237.963852 3818755.517312 -5878.929645 3.485684 -0.083074 -1.365270
490549.805696 3818610.309299 -3411.914662 3.478125 -0.040430 -0.665984
494752.090210 3819575.848913 -13956.569476 0.870684 -0.092783 -6.082670
492367.168124 3818405.841925 -3648.863539 3.157925 -0.095844 -1.738408
493041.789540 3818389.266454 -4198.470856 3.139667 -0.115678 -2.110058
498512.212807 3817433.895946 -3785.335560 3.992364 -0.260106 -3.727599
494692.092453 3818150.890548 -4322.602755 3.084038 -0.166405 -3.088497
499055.638404 3818604.729869 -12173.091619 1.829337 -0.168427 -5.260384
496107.735506 3817917.405209 -4324.666154 3.301365 -0.205456 -3.561136
497791.385780 3817626.410224 -4270.272254 3.804667 -0.243129 -3.656396
498907.274608 3818026.419780 -8168.905694 3.787718 -0.213025 -3.218976
499768.704971 3817216.159287 -3682.305446 4.446814 -0.283702 -3.650461
504216.274237 3816644.196352 -3693.904416 4.338115 -0.291695 -3.846778
505212.030746 3817665.777898 -11075.394512 1.853234 -0.194914 -6.004017
501053.140315 3817307.235495 -5574.156723 4.558137 -0.264432 -3.320183
497724.753710 3817798.858875 -5347.405407 4.003366 -0.227085 -3.246535
501651.398628 3816936.133307 -3661.617787 4.707667 -0.298943 -3.633474
505184.796431 3818114.074846 -14068.742272 0.682024 -0.171397 -14.106642
502938.015418 3817058.793943 -5558.413165 4.436553 -0.268366 -3.461584
502935.375108 3816873.274806 -4308.575780 4.604835 -0.291648 -3.623997
509186.045769 3816412.301674 -3437.377608 2.185402 -0.208378 -5.446695
504851.594476 3816691.418763 -4354.117018 4.113231 -0.277615 -3.861222
510272.534143 3817991.182281 -13828.428145 0.131459 -0.130726 -44.839786
507426.534042 3816474.946505 -3809.594586 3.023226 -0.238623 -4.512992
507907.617452 3817015.717909 -7491.421750 2.264833 -0.198162 -5.000369
512200.959147 3816578.924738 -3588.020904 1.411966 -0.132064 -5.343452
508571.786843 3816408.356799 -3444.248865 2.382858 -0.216749 -5.197411
513435.306284 3816687.001594 -3525.466794 1.560107 -0.098063 -3.596670
511018.897042 3817221.648056 -8431.487339 1.030228 -0.139598 -7.716707
509643.705183 3816532.555894 -4180.740618 1.988961 -0.191746 -5.506586
508448.022068 3816695.843094 -5374.026515 2.458732 -0.206455 -4.799753
514624.213888 3818134.097638 -12125.052667 0.000000 -0.071912 -90.000000
514110.739226 3816771.445442 -3555.401064 1.611735 -0.086532 -3.073189
511026.898482 3816612.007747 -4331.679495 1.574460 -0.158530 -5.749643
512801.951725 3816721.368891 -4167.186643 1.437151 -0.114769 -4.565883
515400.366126 3818502.036139 -13767.914395 0.000000 -0.061151 -90.000000
514629.115374 3816946.336015 -4251.515981 1.503951 -0.073005 -2.779090
519445.469086 3818919.689240 -10848.022881 0.005663 0.002002 19.474380
520841.586316 3819338.931871 -11580.750296 0.000000 0.017196 90.000000
516211.215052 3817237.770546 -4477.901643 1.493844 -0.036782 -1.410462
516032.477224 3817398.814771 -5769.310432 1.005400 -0.047296 -2.693293
517834.987025 3817622.500229 -4738.264854 1.432009 -0.000705 -0.028207
484122.807057 3819571.338375 -3340.235254 3.024675 0.184644 3.493333
485306.941303 3819434.306387 -3997.292146 3.236429 0.146839 2.597769
522662.604057 3818594.680318 -4082.477493 1.166364 0.085146 4.175257
521513.507469 3818580.524734 -5552.892040 1.059925 0.062963 3.399553
519540.172569 3817998.463531 -4612.216337 1.444867 0.035479 1.406635
521168.219509 3818314.231347 -4274.512167 1.381220 0.066726 2.765759
523396.106276 3819006.624508 -5940.197089 0.825186 0.079147 5.478741
518674.444068 3818134.373508 -6833.683957 0.721643 0.004837 0.384014
522216.966858 3819172.267381 -8551.185619 0.228397 0.048317 11.944675
517751.626084 3817807.610033 -6087.162101 0.904161 -0.011086 -0.702493
520772.648440 3818564.927064 -6530.390653 0.821821 0.043430 3.025028
483840.688580 3819910.563038 -5138.363842 3.050249 0.191204 3.586868
480782.640287 3821580.112299 -9707.950340 1.291754 0.230362 10.111433
486806.836058 3819364.164815 -5191.942844 3.413639 0.091087 1.528482
481906.068301 3821044.403772 -8891.400157 1.821305 0.219000 6.856525
480932.796914 3820764.602321 -5019.158405 3.064275 0.270379 5.042477
520913.372240 3818829.115542 -8070.480885 0.338541 0.035640 6.009619
481426.934557 3820982.178088 -7460.005721 2.450285 0.239645 5.585938
489344.965137 3819968.044874 -11529.291628 1.492946 0.012704 0.487538
519633.061967 3818238.544977 -6054.728352 0.932360 0.026938 1.654918
519642.559137 3818701.635473 -9108.971115 0.153810 0.009513 3.539138
514467.313156 3817080.598519 -5301.141069 1.165284 -0.076335 -3.747932
516779.708655 3817678.275740 -6631.602567 0.777295 -0.031629 -2.330135
516866.363310 3818284.045928 -10506.793427 0.019796 -0.037905 -62.424083
512807.001963 3816901.805848 -5379.956962 1.224678 -0.109412 -5.105216
515167.602755 3817300.953205 -6107.941306 0.952078 -0.062677 -3.766429
513623.331790 3817063.082437 -5899.053020 1.076828 -0.091869 -4.876329
509353.952332 3816702.854878 -5370.284560 2.148227 -0.192208 -5.112793
508948.068498 3817118.966539 -8207.529941 1.737645 -0.178251 -5.857029
511047.837162 3816798.275329 -5583.670701 1.511691 -0.151097 -5.707885
510053.877465 3816850.853331 -6222.345389 1.767686 -0.170863 -5.520993
506714.545626 3816774.682288 -5669.292012 3.212620 -0.233632 -4.159407
504870.886939 3816877.768295 -5622.594266 3.938160 -0.256561 -3.727403
509310.475999 3817729.183546 -12233.119314 0.556832 -0.150745 -15.147945
500897.340483 3818018.855315 -10183.890281 2.869705 -0.204801 -4.082080
505844.020415 3816918.920168 -6351.914817 3.449941 -0.238753 -3.958844
502680.996700 3818095.562508 -12272.543703 1.673732 -0.189800 -6.469655
503916.752848 3817258.784535 -7613.353636 3.598836 -0.236023 -3.752259
503915.408171 3817062.975565 -6292.956038 4.072110 -0.254892 -3.581731
499295.174854 3817570.505583 -5544.733148 4.338673 -0.247295 -3.262211
501977.401724 3817285.453641 -6279.915705 4.415456 -0.259326 -3.361200
500124.957459 3817546.139565 -6250.615864 4.394568 -0.249136 -3.244728
496188.611302 3818085.640999 -5538.765559 3.698052 -0.195925 -3.032732
499559.602689 3818306.241937 -10726.266443 2.616435 -0.189202 -4.136021
498477.347106 3817781.784510 -6069.860359 4.166145 -0.231632 -3.182284
494557.395507 3818357.185661 -5555.694639 3.459156 -0.149176 -2.469347
493036.344094 3818550.886463 -5275.822765 3.413733 -0.107633 -1.805897
496960.609621 3818025.081726 -6001.283192 3.874263 -0.207901 -3.071670
492379.545461 3819615.133778 -11803.912160 1.606574 -0.060432 -2.154173
490049.244756 3818915.073235 -5045.712977 3.627342 -0.017441 -0.275489
495353.787943 3818334.925933 -6277.399632 3.593311 -0.168009 -2.676974
493747.272011 3818551.529438 -6000.122991 3.462723 -0.124693 -2.062341
488724.899190 3819461.977333 -7602.872571 3.095740 0.027648 0.511688
491527.892266 3818758.387237 -5251.742138 3.521980 -0.062303 -1.013444
490482.080430 3819147.252535 -6969.584387 3.378322 -0.023715 -0.402188
490774.715156 3818921.241387 -5693.086530 3.562437 -0.038370 -0.617100
489289.569946 3819102.577869 -5674.648824 3.586348 0.005979 0.095525
483967.481292 3820284.476596 -7699.704789 2.565714 0.174261 3.885522
485284.583847 3819604.849114 -5106.139143 3.192945 0.144155 2.585036
487639.494508 3819332.362333 -5774.642790 3.435168 0.061666 1.028421
485763.635774 3819831.183441 -7184.816755 2.889822 0.122324 2.423838
486019.568334 3819578.822226 -5800.723737 3.235509 0.118742 2.101797
483027.188317 3820364.290852 -6754.780773 2.764873 0.209857 4.340496
484511.694627 3820599.351807 -10466.267060 1.284230 0.143497 6.375633
514766.055302 3817413.002416 -7244.436559 0.679899 -0.071911 -6.037606
497211.799681 3818167.679777 -7236.129144 3.840796 -0.201976 -3.010241
493354.128845 3818802.278134 -7284.419075 3.372111 -0.103970 -1.765999
483846.938779 3820987.364496 -12039.887694 0.559731 0.152884 15.276999
484838.708778 3820000.053360 -7161.748660 2.806065 0.148825 3.035955
487646.648070 3819514.706443 -7004.243012 3.146250 0.058601 1.067057
511055.181650 3817470.871526 -10103.557520 0.624852 -0.132349 -11.959014
507613.684295 3817756.156223 -12429.303321 0.807242 -0.166150 -11.630434
506739.203446 3817579.453754 -11070.245088 1.463188 -0.183328 -7.141574
513783.554786 3817267.213721 -7139.849560 0.756494 -0.086024 -6.487465
515394.019811 3818048.753755 -10781.059459 0.032302 -0.060623 -61.949914
512899.719172 3817917.174412 -12074.133401 0.055948 -0.095849 -59.727292
505892.657281 3817144.489071 -7895.128688 2.903141 -0.218722 -4.308515
504390.653281 3817937.531558 -12443.242393 1.393206 -0.186392 -7.620146
501978.404424 3817504.447068 -7750.988734 3.861488 -0.236690 -3.507557
498199.548068 3818002.346115 -7233.520126 3.950776 -0.213800 -3.097593
497312.780512 3818909.091460 -12301.814385 1.656756 -0.146304 -5.046564
496356.473492 3818862.590744 -10918.370477 2.262450 -0.143393 -3.626536
492359.024536 3818928.143074 -7152.250859 3.377761 -0.082160 -1.393383
493948.378673 3819459.990997 -12319.434859 1.506853 -0.088609 -3.365364
495373.241497 3818550.427541 -7738.684101 3.451199 -0.156297 -2.593024
487605.649508 3820264.779988 -11922.232363 1.138434 0.055901 2.811161
486558.057060 3819798.870139 -7805.636084 2.813985 0.093533 1.903723
483158.000118 3820157.278479 -5640.485041 2.984931 0.209192 4.008885
482077.443557 3820636.456881 -6690.257312 2.711784 0.229737 4.842415
483496.870276 3820618.868309 -9066.575764 1.905395 0.179603 5.384803
486356.679637 3820224.715961 -10409.418500 1.671954 0.089448 3.062339
518543.217438 3818333.275525 -8347.836489 0.270069 -0.004859 -1.030671
517901.021760 3818686.320704 -11627.991384 0.000000 -0.023491 -90.000000
516470.778136 3817820.818207 -7995.978233 0.392588 -0.041864 -6.086732
494183.705896 3818823.435966 -8301.275192 3.175052 -0.121294 -2.187753
497038.451066 3818545.882975 -9569.277012 3.016718 -0.171489 -3.253549
507395.556135 3817366.936676 -9780.354272 1.732029 -0.186370 -6.141532
504920.868482 3817299.146168 -8486.205735 3.063380 -0.222273 -4.150001
517311.468937 3818149.054518 -8965.690299 0.191246 -0.027709 -8.244120
514690.346554 3817746.350586 -9514.159449 0.217773 -0.072258 -18.356106
487007.504058 3819927.495926 -9092.590403 2.358561 0.074713 1.814385
489651.626360 3819682.323665 -9862.646704 2.253925 0.005168 0.131373
488563.135151 3819681.838743 -8938.759342 2.590272 0.033081 0.731701
489514.082739 3819259.509765 -6914.021454 3.348032 0.001206 0.020644
491356.318224 3819157.024147 -7801.561209 3.201803 -0.049642 -0.888263
491186.625167 3819396.322872 -9263.512071 2.589962 -0.040159 -0.888334
493867.991205 3819075.746131 -9659.522813 2.569521 -0.102240 -2.278578
496459.254915 3818443.740657 -8234.895980 3.496611 -0.176131 -2.883653
498498.722371 3818293.895760 -9505.895744 3.199296 -0.192153 -3.437114
500014.856251 3817781.492156 -7711.128644 3.957833 -0.227193 -3.285371
502940.362795 3817473.596339 -8349.883793 3.551546 -0.231211 -3.724791
504511.033861 3817535.684317 -9825.443132 2.630296 -0.211585 -4.599059
502184.005474 3817937.393491 -10801.036929 2.506154 -0.204071 -4.655205
500944.041808 3817761.581514 -8505.742532 3.720533 -0.225991 -3.475958
503192.665170 3817649.268961 -9721.784238 2.909449 -0.216090 -4.247660
508728.378411 3817332.917558 -9660.621643 1.431424 -0.173460 -6.909431
506912.567924 3817180.682083 -8450.614528 2.389273 -0.203665 -4.872187
509952.222904 3817055.287470 -7629.166570 1.511100 -0.164315 -6.205888
513390.787217 3817563.608553 -9410.314056 0.339128 -0.091661 -15.124815
509768.817425 3817518.461959 -10754.328451 0.817163 -0.151529 -10.505198
511982.833332 3817161.132191 -7605.659522 0.916575 -0.121576 -7.555674
513039.939400 3817324.875719 -8061.748958 0.674821 -0.100921 -8.505688
515321.999253 3817653.406449 -8270.181351 0.407691 -0.060936 -8.500812
