491617.114394 3817722.080909 -1394.880470
491549.844000 3817527.250000 0.000000
492486.047290 3817198.158188 0.000000
492843.868303 3817207.184964 -897.250543
493857.871120 3816841.111703 -1027.811430
493415.369308 3816850.096202 0.000000
493670.530667 3817686.729338 -5909.850287
491908.977326 3818566.823667 -7446.952979
491788.067271 3818216.859490 -4939.978072
494446.942522 3817808.901173 -8585.094637
492053.507129 3818985.138899 -10443.912138
492890.738626 3817368.288676 -2029.814392
491685.253025 3817919.171438 -2807.751523
495601.334706 3817849.456577 -11755.941389
492239.962551 3819524.695435 -14310.006962
493194.047624 3817524.865152 -3738.314513
494840.623294 3816444.441462 -1001.551298
494339.122326 3816487.503746 0.000000
495792.356255 3816047.373223 -970.299381
495258.343797 3816113.564735 0.000000
492480.156000 3820219.750000 -19290.810500
495655.257791 3818398.312463 -15335.827148
497564.134497 3818237.900398 -19290.810500
494217.275386 3816923.082818 -2436.096279
495469.376938 3816396.187266 -2313.521812
497600.237042 3815281.615609 -947.614647
496668.897260 3815672.500329 -927.373312
497088.782200 3815346.300135 0.000000
498524.750858 3814890.970751 -949.250036
498002.591901 3814959.310139 0.000000
500345.859949 3814136.698518 -947.798113
499428.794992 3814512.577198 -947.737195
499833.878531 3814194.078512 0.000000
503149.927913 3813080.131749 -991.741197
502191.710366 3813418.348010 -947.921520
502608.881532 3813116.451095 0.000000
504060.139611 3812767.743966 -948.078191
503545.953193 3812789.843308 0.000000
505985.592222 3812214.518674 -994.342942
505004.716320 3812482.035705 -979.573359
505443.004066 3812207.245090 0.000000
506917.492787 3811984.767262 -948.271228
506403.838701 3811959.271944 0.000000
505690.936368 3812487.829806 -2276.195552
514686.320758 3813071.732109 -12835.653455
518483.256660 3812375.561871 -10566.403259
518573.940112 3812944.519481 -14468.241983
512303.413329 3811250.635945 0.000000
511812.988137 3811407.969922 -947.922280
511311.809382 3811289.404909 0.000000
518354.455760 3811567.462151 -5025.106194
518412.496439 3811931.398823 -7521.542446
516270.220149 3811974.196472 -6038.264395
513860.963098 3811356.408987 -1031.089505
512851.379284 3811377.772089 -973.859390
513295.347059 3811221.046952 0.000000
513305.503790 3811590.510930 -2503.294210
518686.031000 3813647.750000 -19290.810500
513249.670928 3814072.197202 -19290.810500
518237.688000 3810834.750000 0.000000
518268.425216 3811027.642047 -1323.440572
517255.912122 3810978.834272 0.000000
501266.485220 3813770.936141 -947.850500
500753.964765 3813822.275057 0.000000
501678.609919 3813461.967072 0.000000
499823.932036 3816593.493408 -14985.475621
498925.427329 3816387.087591 -11339.462546
504490.460775 3812485.435861 0.000000
510805.456598 3811459.345544 -967.074939
510321.231942 3811348.353161 0.000000
515817.481357 3811261.672286 -1003.910130
515278.619928 3811146.093352 0.000000
516268.689345 3811079.134071 0.000000
509839.505431 3811528.413952 -948.295611
509333.092128 3811438.968204 0.000000
508859.265063 3811638.288529 -948.405092
508349.660537 3811570.980755 0.000000
510329.659103 3813584.752561 -15107.569186
507822.231929 3814561.389099 -19290.810500
507358.453284 3812078.048922 -2184.524030
514816.906740 3811310.279055 -958.381598
514287.225280 3811189.744180 0.000000
516907.486922 3811154.453823 -918.919093
496174.525040 3815732.230153 0.000000
504993.487352 3814629.679486 -14874.667557
502608.880735 3816155.810780 -19290.810500
498917.188979 3814574.187496 0.000000
494971.904766 3816908.716420 -4249.038742
496988.471313 3816163.878268 -4834.512754
495803.425044 3816923.650302 -6479.387833
497390.120963 3816643.874039 -8887.278733
500920.716519 3814105.158564 -2196.313164
502031.795513 3813943.704947 -3897.093486
500500.554933 3814522.485773 -3762.053539
502865.031196 3813375.779207 -2234.505334
501839.251341 3813740.248977 -2146.837502
507885.034278 3811791.044914 -948.364882
507372.918204 3811745.868385 0.000000
515873.685984 3812399.626112 -8718.308523
508371.754935 3812121.707077 -3705.967309
509258.227309 3811781.606039 -2248.380595
516559.429105 3811613.776204 -3780.579360
518305.924083 3811262.901654 -2936.335820
511208.399761 3811653.840456 -2432.351172
515192.223728 3811496.465971 -2335.317679
516826.225817 3811341.292573 -2116.605337
504558.662538 3813996.437172 -9901.472132
507605.450512 3813525.294403 -12121.660888
504312.137232 3812882.008544 -2200.173422
512971.816055 3812575.084065 -9102.383174
513969.410398 3812167.276355 -6542.885963
514714.689932 3811810.412385 -4310.490606
496852.730438 3815778.319724 -2071.935925
510356.538824 3811945.215039 -4048.731336
512566.947488 3811890.523323 -4388.114472
510938.294274 3812966.727739 -11209.911333
511544.757802 3812223.000413 -6390.497675
510147.110266 3812580.574020 -8233.402694
506658.774702 3812437.949659 -3556.782981
505212.033487 3812866.894327 -3876.140197
502274.427698 3815122.743991 -11947.506526
499938.391159 3814499.614183 -2183.075555
499055.221835 3814862.840964 -2164.973413
498077.477390 3815315.704186 -2420.384865
498893.929005 3815223.385817 -3994.628536
498384.205363 3815839.136514 -6494.782319
496645.272970 3816078.951776 -3400.542971
500833.061300 3815169.641610 -8668.623078
502938.973855 3814011.197220 -6457.339053
500593.444833 3814809.803490 -5802.312986
503559.844002 3813380.324632 -3814.969586
504659.297498 3813284.738777 -5506.985085
507055.890062 3812641.269220 -5492.541869
509145.880534 3812329.052106 -5845.774009
507748.254775 3812974.903813 -8665.423017
505468.637746 3813320.025752 -7301.193037
