473709.808043 3822714.886495 -1278.323763
473667.844000 3822530.750000 0.000000
474639.320395 3822293.923760 0.000000
474957.755874 3822357.936267 -1015.889056
475958.907501 3822095.320487 -1368.829038
475596.476992 3822004.479642 0.000000
478405.099156 3820951.359563 0.000000
477983.654361 3821350.042262 -1447.641611
477475.794781 3821320.774402 0.000000
476507.501841 3823168.862204 -9447.181366
474019.706575 3824074.018521 -10718.981346
473912.592702 3823604.213178 -7455.733732
477566.988950 3823334.783396 -12954.889180
474148.083744 3824637.139284 -14630.048674
475046.216971 3822542.155145 -2380.903059
473760.769394 3822938.468345 -2830.487510
477278.970686 3823984.367706 -16403.091270
474301.094000 3825308.250000 -19290.810500
475417.010573 3822714.277883 -4217.392760
473826.462151 3823226.527663 -4832.006525
477008.793148 3821740.206294 -1516.147808
476540.913690 3821675.799616 0.000000
475893.543586 3822925.623683 -6555.316366
478953.438631 3820951.679723 -1385.810216
479910.479070 3820578.830127 -1428.352854
479333.420961 3820579.472905 0.000000
480844.978858 3820217.084981 -1371.555199
480265.308297 3820216.642094 0.000000
478554.522420 3821304.809521 -2597.967728
482783.263572 3819610.882790 -1465.557563
481807.959637 3819889.254119 -1391.377278
482156.263149 3819566.369105 0.000000
481121.653745 3822392.305334 -15834.492834
482365.543223 3819955.258124 -2933.929745
487409.091020 3818703.393001 -1366.576539
486583.941867 3818794.242277 -1176.365458
487047.249265 3818550.468191 0.000000
488422.067168 3818578.967709 -1431.416918
488038.115121 3818415.381643 0.000000
486648.959662 3819023.415562 -2777.342423
490446.656310 3818332.749505 -1459.009973
489429.268048 3818462.786386 -1492.885956
490022.823230 3818167.922662 0.000000
491033.411450 3820459.177410 -16238.833723
488740.417393 3821197.037080 -19290.810500
486091.773294 3821064.642306 -15834.097175
492454.681801 3818081.272914 -1549.153097
491455.239728 3818203.055519 -1448.038022
492006.594318 3817913.180674 0.000000
493462.318314 3817923.043153 -1489.601457
492996.468532 3817770.997620 0.000000
491823.315232 3818395.976421 -3070.230339
495444.981799 3817621.530145 -1605.395822
494457.150710 3817771.782615 -1526.682915
494972.114984 3817459.448033 0.000000
495901.342219 3819687.051979 -15911.024293
493720.141931 3820542.881472 -19290.810500
497930.914178 3816963.224931 0.000000
497449.779327 3817272.328156 -1525.686712
496944.705751 3817128.980511 0.000000
498463.064271 3817116.386583 -1612.743668
496946.075342 3817566.875127 -2925.003856
496441.771774 3817447.362912 -1558.608638
500467.449349 3816786.402768 -1528.998519
499470.520506 3816946.378725 -1568.533312
499905.297435 3816643.709895 0.000000
500987.604699 3818849.453474 -15867.058580
498676.098737 3819726.979203 -19290.810500
502877.175039 3816234.368863 0.000000
502420.278518 3816520.170654 -1550.352105
501884.823290 3816358.017237 0.000000
503383.892255 3816408.548905 -1555.148670
501958.727805 3816786.773289 -2944.212226
501428.152936 3816651.410884 -1554.296875
505350.094563 3816235.364684 -1565.686313
504380.117928 3816307.941079 -1540.565359
504867.553938 3816038.966631 0.000000
506069.254360 3818318.546807 -15944.803237
503647.293097 3819014.210335 -19290.810500
507863.993264 3815901.746915 0.000000
507361.753719 3816145.735214 -1586.568544
506864.276846 3815926.086638 0.000000
508363.686846 3816114.425739 -1466.954517
506797.802670 3816412.890777 -3280.498599
506357.137266 3816177.749629 -1564.651361
510368.892084 3816171.167322 -1597.276420
509370.755476 3816127.484239 -1500.914876
509863.847354 3815917.525767 0.000000
511154.517441 3818315.940720 -15838.781820
508660.134696 3818746.276210 -19290.810500
512857.713744 3816102.537313 0.000000
512359.819398 3816282.943886 -1516.157718
511861.179757 3816019.149905 0.000000
513334.604281 3816373.180826 -1500.534009
511876.195402 3816448.348599 -2890.340288
511359.887472 3816212.454995 -1533.590264
515432.668403 3816660.178656 -1578.657894
514366.617652 3816494.193811 -1494.030179
514843.925355 3816336.125946 0.000000
516336.688226 3816781.657978 -1340.015470
515832.152279 3816489.106628 0.000000
516213.540555 3818919.393033 -15708.757692
513670.449145 3819055.494158 -19290.810500
518409.835017 3817290.139894 -1672.646786
517268.980103 3817022.969741 -1650.380657
517790.894610 3816891.975471 0.000000
519321.194800 3817458.607511 -1378.261471
518764.665660 3817119.684808 0.000000
524900.176944 3820498.913559 -14208.716674
528550.062256 3820396.820213 -11292.409660
528528.967765 3820924.242399 -14866.136825
523652.364962 3818171.572240 0.000000
523080.400509 3818281.807581 -1438.171918
522669.859244 3817985.207594 0.000000
528592.225543 3819341.504204 -4140.065493
528580.629907 3819631.766715 -6106.836980
526713.837765 3819421.808701 -5502.766002
525214.599125 3818632.286686 -1394.738766
524138.217880 3818467.779055 -1411.585829
524638.421072 3818338.096272 0.000000
523576.715284 3818568.858295 -2738.849155
528502.875000 3821577.000000 -19290.810500
523513.142064 3821039.310462 -19290.810500
528616.625000 3818730.750000 0.000000
528609.761681 3818902.766592 -1166.162317
527617.850827 3818681.358039 0.000000
484746.619107 3819142.161925 -1386.925504
484093.000750 3819069.153279 0.000000
485073.278255 3818871.566947 0.000000
483752.319390 3819354.883282 -1387.246329
483119.804601 3819298.994623 0.000000
486058.545005 3818700.492098 0.000000
491015.187088 3818044.252702 0.000000
495958.577726 3817295.215048 0.000000
500894.263776 3816495.329377 0.000000
505865.307018 3815971.782130 0.000000
510863.062385 3815957.547283 0.000000
516814.677302 3816675.091754 0.000000
522024.757909 3818080.502294 -1501.753881
521690.447865 3817783.182068 0.000000
527338.972829 3818794.904120 -909.597094
526621.407540 3818597.073993 0.000000
521142.569624 3817858.436850 -1282.988952
520713.619525 3817568.991962 0.000000
520234.705682 3817696.088697 -1554.563049
519738.636974 3817346.536375 0.000000
520809.930146 3819961.890970 -15680.717155
518598.594168 3820006.170859 -19290.810500
525719.722640 3820073.863961 -10625.122568
526327.153724 3818743.848262 -1202.880473
525628.107588 3818481.448484 0.000000
477358.960992 3822170.983080 -5084.202551
476439.903051 3822192.770169 -3064.282234
481205.042522 3819874.730951 0.000000
483796.871749 3822066.078648 -19290.810500
485747.064806 3818965.794182 -1430.781214
477654.341575 3821736.174346 -3059.137384
479070.500896 3823753.409153 -19290.810500
478136.530335 3822278.279432 -7673.706851
481435.430747 3820209.997461 -2657.921139
485361.294463 3819261.895690 -2953.564450
484379.142183 3819409.427819 -2660.208898
479310.255601 3822233.919159 -10343.624381
483479.819874 3819655.885527 -2935.769166
489030.231741 3818289.760514 0.000000
483288.005107 3821313.443403 -13486.725247
480676.676726 3822069.565672 -12714.363398
489029.182264 3820269.597416 -13304.304931
488738.355492 3818771.190355 -2991.781631
493984.883864 3817618.983665 0.000000
492705.469193 3819827.884369 -13497.890525
494841.442520 3817963.662397 -3225.601926
493915.719553 3818058.553308 -2867.397503
498917.656183 3816800.681987 0.000000
498314.937082 3818928.766211 -13557.339184
499104.302842 3817257.150099 -3254.165275
503871.437144 3816127.187240 0.000000
503478.132296 3818198.244962 -13674.702201
508864.004293 3815898.948533 0.000000
503890.393372 3816564.610036 -2960.879143
508565.707238 3817913.091386 -13648.333258
510988.523924 3816996.844327 -6981.958817
511909.292363 3816730.357451 -4777.556162
512832.540388 3817099.379033 -6734.477218
513852.155056 3816207.985657 0.000000
508872.716957 3816306.861550 -2761.408096
513716.695928 3818191.430965 -13444.058336
522490.466026 3819779.181943 -12155.556660
514843.688499 3816811.399707 -3185.969072
517856.261597 3817434.980772 -3480.926028
526266.781719 3819717.908992 -7804.324648
528566.800719 3819977.971980 -8452.818284
519442.691007 3817767.818003 -3230.981239
527088.769191 3819176.274856 -3613.850993
528601.857503 3819100.582824 -2507.621291
522525.372680 3818415.322053 -3046.567687
524620.487670 3818774.804541 -2941.104437
525989.533818 3818918.999738 -2636.779799
527332.158530 3818966.362546 -2070.085064
521078.689763 3818105.014098 -3006.764106
519130.089048 3819142.223642 -12775.672582
524555.261981 3819282.115712 -6403.844192
525381.460785 3819097.278598 -4358.540836
523632.143057 3819517.517856 -9000.631486
485725.012695 3820568.244073 -12093.047717
479305.337801 3821557.888146 -6082.862037
516316.255418 3817053.612444 -3174.011852
522114.553645 3818903.894259 -6841.903726
520904.203873 3819095.390028 -9811.021646
487761.328543 3818853.830279 -2700.171108
523518.503203 3818833.863552 -4574.843349
521943.936289 3818534.855349 -4626.021443
513809.356040 3816627.255558 -2852.396613
516952.905251 3817507.771915 -5318.951714
518695.794225 3817924.747999 -5414.916820
512817.389675 3816558.068164 -3096.166261
510925.707882 3816438.041580 -3225.985198
509796.671826 3816377.194506 -3124.948397
512127.435685 3817387.173214 -9100.542532
513885.083839 3817815.577532 -10780.172510
511097.377749 3817744.514737 -11998.169357
507953.895049 3816365.359880 -3145.562168
516270.861896 3818395.284418 -12150.927155
515364.484485 3817151.927279 -4940.741363
505832.342764 3816415.121392 -2986.953972
504858.451388 3816520.253902 -3245.159663
506819.378377 3816971.180734 -7063.636095
507527.904409 3816646.588858 -5002.722991
508927.413272 3816888.091457 -6693.580223
508888.748523 3816552.848966 -4425.776331
505796.354091 3816706.277271 -4941.516948
502921.996856 3816705.341669 -3203.090106
510245.695200 3816667.624210 -4991.497126
501011.317560 3816954.869000 -3193.678346
500044.678511 3817064.083120 -2957.425746
501984.150517 3817066.757631 -4846.962790
503899.977951 3816847.725117 -4875.674443
497903.546526 3817443.735470 -3179.307492
506007.002637 3817825.432768 -12586.721379
500157.133560 3817327.244642 -4835.325317
495993.729400 3817774.763454 -3241.869053
500878.032894 3818299.525616 -12074.625312
498528.789053 3817600.802269 -4922.533913
496941.821760 3817834.692933 -4708.975357
492973.621206 3818240.930544 -3124.383381
490894.138261 3818467.935795 -2742.449010
489928.208716 3818628.591757 -3018.418386
493490.207609 3819339.478232 -10999.620441
495446.016021 3818789.264063 -9407.007459
495649.459218 3819212.610391 -12460.793610
493847.179481 3818346.250008 -4719.052288
492304.567933 3818580.618812 -4751.976898
490827.070111 3818734.400344 -4474.876589
495387.655358 3818142.759240 -5023.154053
489275.627555 3818941.638099 -4586.252268
484509.459114 3819648.701780 -4424.727698
483072.975043 3820005.756460 -4551.086635
487656.025269 3819129.551639 -4453.762762
486050.070332 3819392.321692 -4613.584289
490942.959582 3819678.038732 -10914.225513
480559.205052 3820563.676391 -2901.740077
482527.798534 3821080.406013 -10539.890120
479493.754710 3820972.931047 -2878.044916
480509.866728 3821426.011724 -8240.336520
480129.951415 3820977.904199 -4486.218432
481578.042022 3820422.173802 -4325.549970
478740.188035 3821474.049686 -4130.195813
520482.032474 3818302.824593 -5190.750952
485294.222097 3819773.523871 -6280.105442
483939.631583 3820077.230874 -6439.277194
481090.397304 3820893.728961 -6245.706813
482461.393727 3820388.848104 -5931.091294
492667.749984 3819098.496098 -8571.940540
488548.045680 3819296.914246 -6361.684128
491452.038754 3818960.142555 -6528.372927
492957.284869 3818725.790568 -6356.439109
497973.945237 3818585.897779 -10887.310362
499826.829936 3818033.302417 -9216.863655
497695.391939 3818262.487084 -8413.513214
499199.601949 3817783.469839 -6876.340214
503686.824911 3817788.916945 -11068.303598
505942.264689 3817382.983980 -9571.158559
501018.136869 3817527.704213 -7040.182062
497703.650317 3817961.081422 -6410.706951
502929.917785 3817261.899079 -6952.602263
507976.060707 3817187.881535 -8717.048931
513679.173138 3816875.681060 -4627.837507
509940.731516 3817280.926626 -9211.960670
518302.114336 3818521.454051 -9957.374415
515780.041936 3817536.745120 -7048.238218
519721.359203 3818488.062339 -7558.517283
517606.178776 3817990.310186 -7527.617770
486714.412573 3819570.621115 -6508.481481
482680.539640 3820626.793578 -7893.973830
488062.753565 3819956.498475 -10369.344440
514358.281843 3817214.187218 -6334.844336
516026.113697 3817935.399315 -9412.078712
504916.328776 3817079.302498 -7050.591408
508268.343010 3817529.944513 -11052.855327
501987.158619 3817723.737912 -9260.181877
503904.011982 3817435.152027 -8836.867237
496236.356787 3818279.470824 -6884.167267
494437.351683 3818582.547737 -6924.877577
490045.036603 3819069.181262 -6076.010075
489949.165934 3819412.433787 -8304.370159
487677.485955 3819676.583967 -8142.563426
485282.272653 3820149.405336 -8765.863344
514159.842126 3817488.074912 -8350.227125
